12 Aug 2020 03:12:59	36.90	1006.77	25.11	54.19
12 Aug 2020 03:12:59	37.35	1006.78	25.23	53.99
12 Aug 2020 03:12:59	37.54	1006.76	25.29	54.13
12 Aug 2020 03:12:59	37.68	1006.79	25.32	53.57
12 Aug 2020 03:12:59	37.92	1006.82	25.34	53.82
12 Aug 2020 03:13:00	38.09	1006.79	25.38	53.99
12 Aug 2020 03:13:00	38.19	1006.81	25.38	53.93
12 Aug 2020 03:13:00	38.41	1006.73	25.39	54.24
12 Aug 2020 03:13:00	38.61	1006.75	25.42	53.89
12 Aug 2020 03:13:00	38.71	1006.79	25.43	53.96
12 Aug 2020 03:13:01	39.10	1006.77	25.44	54.28
12 Aug 2020 03:13:01	39.01	1006.76	25.45	54.22
12 Aug 2020 03:13:01	39.26	1006.79	25.48	54.14
12 Aug 2020 03:13:01	39.32	1006.78	25.47	53.86
12 Aug 2020 03:13:01	39.50	1006.78	25.48	53.96
12 Aug 2020 03:13:01	39.63	1006.78	25.49	54.01
12 Aug 2020 03:13:02	39.67	1006.80	25.51	53.91
12 Aug 2020 03:13:02	39.90	1006.81	25.51	53.85
12 Aug 2020 03:13:02	40.03	1006.78	25.54	53.97
12 Aug 2020 03:13:02	40.15	1006.80	25.54	53.94
12 Aug 2020 03:13:02	40.34	1006.76	25.55	53.85
12 Aug 2020 03:13:03	40.30	1006.81	25.55	53.96
12 Aug 2020 03:13:03	40.70	1006.79	25.56	53.88
12 Aug 2020 03:13:03	40.64	1006.80	25.57	53.80
12 Aug 2020 03:13:03	40.73	1006.79	25.59	53.84
12 Aug 2020 03:13:03	40.79	1006.78	25.59	54.07
12 Aug 2020 03:13:03	40.62	1006.77	25.61	53.70
12 Aug 2020 03:13:04	40.86	1006.80	25.62	53.86
12 Aug 2020 03:13:04	40.96	1006.82	25.63	53.74
12 Aug 2020 03:13:04	41.32	1006.81	25.63	53.64
12 Aug 2020 03:13:04	41.43	1006.82	25.65	53.97
12 Aug 2020 03:13:04	41.62	1006.82	25.66	53.79
12 Aug 2020 03:13:04	41.52	1006.78	25.66	53.86
12 Aug 2020 03:13:05	41.56	1006.78	25.68	53.65
12 Aug 2020 03:13:05	41.96	1006.82	25.71	53.91
12 Aug 2020 03:13:05	41.99	1006.81	25.72	53.80
12 Aug 2020 03:13:05	42.07	1006.81	25.71	53.78
12 Aug 2020 03:13:05	42.25	1006.79	25.73	53.97
12 Aug 2020 03:13:06	42.23	1006.80	25.74	53.97
12 Aug 2020 03:13:06	42.25	1006.78	25.74	53.96
12 Aug 2020 03:13:06	42.29	1006.80	25.75	53.92
12 Aug 2020 03:13:06	42.66	1006.84	25.75	53.74
12 Aug 2020 03:13:06	42.50	1006.83	25.77	53.85
12 Aug 2020 03:13:06	42.43	1006.80	25.77	53.78
12 Aug 2020 03:13:07	42.73	1006.83	25.79	53.78
12 Aug 2020 03:13:07	42.82	1006.82	25.80	53.93
12 Aug 2020 03:13:07	42.88	1006.80	25.80	53.67
12 Aug 2020 03:13:07	42.95	1006.82	25.81	53.66
12 Aug 2020 03:13:07	43.10	1006.81	25.82	53.39
12 Aug 2020 03:13:08	43.11	1006.85	25.83	53.75
12 Aug 2020 03:13:08	43.17	1006.83	25.84	53.50
12 Aug 2020 03:13:08	43.37	1006.79	25.83	53.78
12 Aug 2020 03:13:08	43.29	1006.82	25.84	53.78
12 Aug 2020 03:13:08	43.47	1006.83	25.84	53.49
12 Aug 2020 03:13:08	43.54	1006.79	25.86	53.72
12 Aug 2020 03:13:09	43.55	1006.82	25.88	53.92
12 Aug 2020 03:13:09	43.49	1006.83	25.89	53.59
12 Aug 2020 03:13:09	43.54	1006.82	25.90	53.64
12 Aug 2020 03:13:09	43.74	1006.85	25.90	53.85
12 Aug 2020 03:13:09	43.79	1006.81	25.90	54.02
12 Aug 2020 03:13:09	44.10	1006.81	25.91	53.61
12 Aug 2020 03:13:10	43.80	1006.79	25.91	53.93
12 Aug 2020 03:13:10	44.17	1006.82	25.93	53.53
12 Aug 2020 03:13:10	44.15	1006.83	25.94	53.72
12 Aug 2020 03:13:10	44.24	1006.83	25.95	53.47
12 Aug 2020 03:13:10	44.27	1006.82	25.96	53.86
12 Aug 2020 03:13:11	44.61	1006.79	25.95	53.61
12 Aug 2020 03:13:11	44.35	1006.80	25.96	53.74
12 Aug 2020 03:13:11	44.28	1006.80	25.97	53.39
12 Aug 2020 03:13:11	44.49	1006.85	25.98	53.32
12 Aug 2020 03:13:11	44.62	1006.82	25.99	53.73
12 Aug 2020 03:13:11	44.57	1006.86	26.00	53.45
12 Aug 2020 03:13:12	44.75	1006.83	26.01	53.54
12 Aug 2020 03:13:12	44.66	1006.83	26.01	53.71
12 Aug 2020 03:13:12	44.92	1006.82	26.02	53.96
12 Aug 2020 03:13:12	44.90	1006.84	26.04	53.49
12 Aug 2020 03:13:12	44.89	1006.80	26.04	53.52
12 Aug 2020 03:13:13	44.96	1006.84	26.05	53.47
12 Aug 2020 03:13:13	45.00	1006.84	26.05	53.79
12 Aug 2020 03:13:13	44.93	1006.82	26.07	53.29
12 Aug 2020 03:13:13	44.81	1006.85	26.07	53.49
12 Aug 2020 03:13:13	45.10	1006.85	26.07	53.44
12 Aug 2020 03:13:13	45.36	1006.86	26.07	53.69
12 Aug 2020 03:13:14	45.34	1006.85	26.08	53.47
12 Aug 2020 03:13:14	45.13	1006.85	26.10	53.31
12 Aug 2020 03:13:14	45.12	1006.82	26.11	53.37
12 Aug 2020 03:13:14	45.33	1006.86	26.12	53.38
12 Aug 2020 03:13:14	45.23	1006.85	26.13	53.58
12 Aug 2020 03:13:14	45.49	1006.86	26.13	53.44
12 Aug 2020 03:13:15	45.43	1006.84	26.14	53.42
12 Aug 2020 03:13:15	45.61	1006.86	26.15	53.37
12 Aug 2020 03:13:15	45.72	1006.83	26.16	53.44
12 Aug 2020 03:13:15	45.75	1006.87	26.17	53.36
12 Aug 2020 03:13:15	45.81	1006.85	26.17	53.55
12 Aug 2020 03:13:16	46.05	1006.89	26.18	53.36
12 Aug 2020 03:13:16	46.01	1006.87	26.19	53.25
12 Aug 2020 03:13:16	46.05	1006.87	26.20	53.32
12 Aug 2020 03:13:16	46.08	1006.84	26.20	53.34
12 Aug 2020 03:13:16	46.21	1006.86	26.21	53.24
12 Aug 2020 03:13:16	46.21	1006.88	26.21	53.40
12 Aug 2020 03:13:17	46.22	1006.86	26.23	53.40
12 Aug 2020 03:13:17	46.33	1006.87	26.23	53.52
12 Aug 2020 03:13:17	46.34	1006.84	26.23	53.30
12 Aug 2020 03:13:17	46.49	1006.84	26.24	53.21
12 Aug 2020 03:13:17	46.50	1006.89	26.25	53.15
12 Aug 2020 03:13:17	46.40	1006.89	26.25	53.11
12 Aug 2020 03:13:18	46.63	1006.85	26.26	53.53
12 Aug 2020 03:13:18	46.67	1006.85	26.26	53.20
12 Aug 2020 03:13:18	46.66	1006.87	26.28	53.10
12 Aug 2020 03:13:18	46.58	1006.88	26.28	53.26
12 Aug 2020 03:13:18	46.85	1006.90	26.28	53.12
12 Aug 2020 03:13:19	46.59	1006.90	26.29	53.11
12 Aug 2020 03:13:19	46.86	1006.87	26.29	53.27
12 Aug 2020 03:13:19	46.87	1006.87	26.30	53.38
12 Aug 2020 03:13:19	46.96	1006.84	26.30	53.35
12 Aug 2020 03:13:19	46.79	1006.83	26.31	53.28
12 Aug 2020 03:13:19	46.68	1006.86	26.30	53.31
12 Aug 2020 03:13:20	46.78	1006.90	26.31	53.13
12 Aug 2020 03:13:20	46.87	1006.87	26.32	53.20
12 Aug 2020 03:13:20	46.78	1006.89	26.32	53.44
12 Aug 2020 03:13:20	46.89	1006.90	26.33	53.24
12 Aug 2020 03:13:20	46.88	1006.89	26.33	53.10
12 Aug 2020 03:13:21	46.92	1006.90	26.35	53.24
12 Aug 2020 03:13:21	46.90	1006.89	26.34	52.71
12 Aug 2020 03:13:21	46.84	1006.88	26.36	53.10
12 Aug 2020 03:13:21	47.09	1006.87	26.36	53.42
12 Aug 2020 03:13:21	47.24	1006.85	26.37	53.38
12 Aug 2020 03:13:21	46.91	1006.86	26.38	53.10
12 Aug 2020 03:13:22	47.07	1006.88	26.38	53.11
12 Aug 2020 03:13:22	47.15	1006.91	26.39	53.03
12 Aug 2020 03:13:22	47.04	1006.87	26.40	53.12
12 Aug 2020 03:13:22	47.03	1006.88	26.40	53.03
12 Aug 2020 03:13:22	47.06	1006.84	26.40	53.46
12 Aug 2020 03:13:22	47.02	1006.86	26.42	53.18
12 Aug 2020 03:13:23	47.07	1006.87	26.41	53.32
12 Aug 2020 03:13:23	47.03	1006.88	26.42	53.25
12 Aug 2020 03:13:23	46.82	1006.86	26.43	53.07
12 Aug 2020 03:13:23	47.10	1006.87	26.43	53.25
12 Aug 2020 03:13:23	47.25	1006.89	26.44	53.18
12 Aug 2020 03:13:24	47.23	1006.88	26.45	53.21
12 Aug 2020 03:13:24	47.13	1006.87	26.44	53.16
12 Aug 2020 03:13:24	47.26	1006.87	26.45	53.24
12 Aug 2020 03:13:24	47.12	1006.89	26.45	53.20
12 Aug 2020 03:13:24	47.36	1006.87	26.46	53.24
12 Aug 2020 03:13:24	47.44	1006.87	26.46	53.40
12 Aug 2020 03:13:25	47.42	1006.91	26.47	53.15
12 Aug 2020 03:13:25	47.48	1006.86	26.47	53.33
12 Aug 2020 03:13:25	47.25	1006.88	26.47	53.20
12 Aug 2020 03:13:25	47.70	1006.89	26.47	53.25
12 Aug 2020 03:13:25	47.73	1006.89	26.48	53.11
12 Aug 2020 03:13:26	47.94	1006.84	26.49	53.51
12 Aug 2020 03:13:26	47.71	1006.85	26.48	53.25
12 Aug 2020 03:13:26	47.73	1006.86	26.48	53.26
12 Aug 2020 03:13:26	47.93	1006.88	26.47	53.24
12 Aug 2020 03:13:26	47.53	1006.87	26.48	53.31
12 Aug 2020 03:13:26	47.80	1006.85	26.48	53.22
12 Aug 2020 03:13:27	47.71	1006.85	26.48	53.21
12 Aug 2020 03:13:27	47.72	1006.86	26.49	53.19
12 Aug 2020 03:13:27	47.91	1006.86	26.50	53.20
12 Aug 2020 03:13:27	47.74	1006.86	26.50	53.48
12 Aug 2020 03:13:27	47.54	1006.85	26.51	52.94
12 Aug 2020 03:13:27	47.62	1006.84	26.51	53.51
12 Aug 2020 03:13:28	47.65	1006.88	26.53	53.30
12 Aug 2020 03:13:28	47.50	1006.88	26.53	53.46
12 Aug 2020 03:13:28	47.74	1006.85	26.54	53.32
12 Aug 2020 03:13:28	47.74	1006.87	26.54	53.45
12 Aug 2020 03:13:28	47.89	1006.87	26.55	53.31
12 Aug 2020 03:13:29	47.70	1006.86	26.55	53.50
12 Aug 2020 03:13:29	47.89	1006.90	26.57	53.23
12 Aug 2020 03:13:29	47.88	1006.87	26.58	53.14
12 Aug 2020 03:13:29	47.90	1006.87	26.60	52.98
12 Aug 2020 03:13:29	48.00	1006.88	26.60	53.09
12 Aug 2020 03:13:29	48.08	1006.88	26.62	52.87
12 Aug 2020 03:13:30	47.93	1006.91	26.63	52.94
12 Aug 2020 03:13:30	47.96	1006.88	26.63	52.96
12 Aug 2020 03:13:30	48.09	1006.87	26.64	53.15
12 Aug 2020 03:13:30	48.17	1006.89	26.67	52.94
12 Aug 2020 03:13:30	48.02	1006.87	26.65	53.22
12 Aug 2020 03:13:31	48.25	1006.89	26.66	53.23
12 Aug 2020 03:13:31	48.19	1006.90	26.67	53.18
12 Aug 2020 03:13:31	48.11	1006.89	26.67	53.14
12 Aug 2020 03:13:31	48.26	1006.87	26.70	53.02
12 Aug 2020 03:13:31	48.25	1006.87	26.70	53.31
12 Aug 2020 03:13:31	48.45	1006.88	26.70	53.09
12 Aug 2020 03:13:32	48.08	1006.91	26.70	52.91
12 Aug 2020 03:13:32	48.16	1006.89	26.72	52.92
12 Aug 2020 03:13:32	48.19	1006.90	26.73	52.93
12 Aug 2020 03:13:32	48.02	1006.89	26.73	53.02
12 Aug 2020 03:13:32	48.13	1006.87	26.73	53.27
12 Aug 2020 03:13:33	48.28	1006.89	26.75	52.99
12 Aug 2020 03:13:33	47.99	1006.89	26.76	53.12
12 Aug 2020 03:13:33	48.27	1006.85	26.76	53.16
12 Aug 2020 03:13:33	48.20	1006.87	26.77	53.35
12 Aug 2020 03:13:33	48.24	1006.89	26.79	53.29
12 Aug 2020 03:13:33	48.37	1006.87	26.80	53.24
12 Aug 2020 03:13:34	48.33	1006.91	26.81	52.88
12 Aug 2020 03:13:34	48.27	1006.90	26.81	53.05
12 Aug 2020 03:13:34	48.19	1006.89	26.82	53.32
12 Aug 2020 03:13:34	48.37	1006.89	26.82	53.13
12 Aug 2020 03:13:34	48.31	1006.90	26.82	53.19
12 Aug 2020 03:13:34	48.34	1006.86	26.84	53.24
12 Aug 2020 03:13:35	48.48	1006.87	26.85	53.30
12 Aug 2020 03:13:35	48.22	1006.87	26.86	53.43
12 Aug 2020 03:13:35	48.30	1006.88	26.87	53.24
12 Aug 2020 03:13:35	48.38	1006.87	26.88	53.26
12 Aug 2020 03:13:35	48.33	1006.90	26.88	53.49
12 Aug 2020 03:13:36	48.52	1006.88	26.89	53.32
12 Aug 2020 03:13:36	48.53	1006.83	26.91	53.48
12 Aug 2020 03:13:36	48.56	1006.86	26.90	53.27
12 Aug 2020 03:13:36	48.42	1006.86	26.92	53.30
12 Aug 2020 03:13:36	48.44	1006.84	26.94	53.55
12 Aug 2020 03:13:36	48.46	1006.87	26.94	53.66
12 Aug 2020 03:13:37	48.62	1006.88	26.94	53.30
12 Aug 2020 03:13:37	48.44	1006.87	26.96	53.39
12 Aug 2020 03:13:37	48.48	1006.83	26.97	53.44
12 Aug 2020 03:13:37	48.55	1006.86	26.97	53.37
12 Aug 2020 03:13:37	48.66	1006.87	26.97	53.23
12 Aug 2020 03:13:38	48.56	1006.89	26.99	53.36
12 Aug 2020 03:13:38	48.62	1006.84	27.00	53.32
12 Aug 2020 03:13:38	48.52	1006.86	27.01	53.62
12 Aug 2020 03:13:38	48.59	1006.85	27.00	53.40
12 Aug 2020 03:13:38	48.79	1006.83	27.01	53.50
12 Aug 2020 03:13:38	48.56	1006.86	27.03	53.55
12 Aug 2020 03:13:39	48.61	1006.85	27.03	53.61
12 Aug 2020 03:13:39	48.59	1006.86	27.05	53.33
12 Aug 2020 03:13:39	48.55	1006.87	27.04	53.45
12 Aug 2020 03:13:39	48.64	1006.85	27.05	53.59
12 Aug 2020 03:13:39	48.53	1006.86	27.07	53.48
12 Aug 2020 03:13:39	48.67	1006.85	27.07	53.32
12 Aug 2020 03:13:40	48.68	1006.86	27.08	53.19
12 Aug 2020 03:13:40	48.62	1006.87	27.10	53.46
12 Aug 2020 03:13:40	48.61	1006.86	27.09	53.42
12 Aug 2020 03:13:40	48.66	1006.89	27.10	53.35
12 Aug 2020 03:13:40	48.62	1006.86	27.11	53.40
12 Aug 2020 03:13:41	48.50	1006.85	27.12	53.13
12 Aug 2020 03:13:41	48.67	1006.85	27.12	53.53
12 Aug 2020 03:13:41	48.70	1006.86	27.13	53.34
12 Aug 2020 03:13:41	48.82	1006.86	27.14	53.13
12 Aug 2020 03:13:41	48.73	1006.87	27.15	53.29
12 Aug 2020 03:13:41	48.62	1006.86	27.15	53.18
12 Aug 2020 03:13:42	48.78	1006.86	27.16	53.55
12 Aug 2020 03:13:42	48.87	1006.86	27.17	53.31
12 Aug 2020 03:13:42	48.77	1006.86	27.18	53.33
12 Aug 2020 03:13:42	48.73	1006.87	27.20	53.34
12 Aug 2020 03:13:42	48.79	1006.85	27.20	53.56
12 Aug 2020 03:13:43	48.57	1006.83	27.20	53.39
12 Aug 2020 03:13:43	48.75	1006.86	27.21	53.31
12 Aug 2020 03:13:43	49.04	1006.87	27.22	53.27
12 Aug 2020 03:13:43	48.75	1006.86	27.23	53.43
12 Aug 2020 03:13:43	48.78	1006.90	27.23	53.37
12 Aug 2020 03:13:43	48.83	1006.85	27.25	53.37
12 Aug 2020 03:13:44	48.83	1006.87	27.24	53.28
12 Aug 2020 03:13:44	48.80	1006.87	27.25	53.32
12 Aug 2020 03:13:44	48.97	1006.86	27.26	53.28
12 Aug 2020 03:13:44	48.84	1006.85	27.28	53.35
12 Aug 2020 03:13:44	48.96	1006.85	27.28	53.20
12 Aug 2020 03:13:45	48.77	1006.88	27.29	53.20
12 Aug 2020 03:13:45	48.94	1006.87	27.30	53.16
12 Aug 2020 03:13:45	49.00	1006.86	27.31	53.62
12 Aug 2020 03:13:45	48.91	1006.87	27.31	53.44
12 Aug 2020 03:13:45	48.77	1006.84	27.31	53.22
12 Aug 2020 03:13:45	48.97	1006.84	27.32	53.31
12 Aug 2020 03:13:46	49.01	1006.87	27.33	53.16
12 Aug 2020 03:13:46	48.73	1006.87	27.35	53.17
12 Aug 2020 03:13:46	49.01	1006.86	27.35	53.23
12 Aug 2020 03:13:46	48.83	1006.86	27.36	53.18
12 Aug 2020 03:13:46	48.91	1006.88	27.36	53.31
12 Aug 2020 03:13:46	48.97	1006.88	27.37	53.49
12 Aug 2020 03:13:47	49.07	1006.87	27.37	53.10
12 Aug 2020 03:13:47	48.92	1006.87	27.39	53.24
12 Aug 2020 03:13:47	48.86	1006.87	27.39	53.10
12 Aug 2020 03:13:47	48.95	1006.91	27.40	52.93
12 Aug 2020 03:13:47	49.25	1006.88	27.40	53.29
12 Aug 2020 03:13:48	49.00	1006.88	27.41	53.04
12 Aug 2020 03:13:48	49.11	1006.88	27.42	53.05
12 Aug 2020 03:13:48	48.91	1006.89	27.41	53.29
12 Aug 2020 03:13:48	48.93	1006.89	27.42	53.21
12 Aug 2020 03:13:48	48.79	1006.88	27.43	53.08
12 Aug 2020 03:13:48	49.00	1006.90	27.43	53.04
12 Aug 2020 03:13:49	49.07	1006.89	27.45	52.99
12 Aug 2020 03:13:49	49.08	1006.92	27.45	52.96
12 Aug 2020 03:13:49	49.02	1006.91	27.46	52.75
12 Aug 2020 03:13:49	48.99	1006.91	27.46	53.02
12 Aug 2020 03:13:49	49.03	1006.90	27.47	53.08
12 Aug 2020 03:13:50	48.74	1006.88	27.48	53.29
12 Aug 2020 03:13:50	49.00	1006.89	27.48	52.63
12 Aug 2020 03:13:50	48.87	1006.91	27.49	53.10
12 Aug 2020 03:13:50	48.84	1006.86	27.49	52.97
12 Aug 2020 03:13:50	48.72	1006.87	27.50	53.22
12 Aug 2020 03:13:50	48.82	1006.88	27.50	53.16
12 Aug 2020 03:13:51	48.81	1006.88	27.50	53.05
12 Aug 2020 03:13:51	48.60	1006.89	27.51	53.09
12 Aug 2020 03:13:51	48.91	1006.89	27.51	52.90
12 Aug 2020 03:13:51	48.90	1006.88	27.52	52.94
12 Aug 2020 03:13:51	48.91	1006.89	27.53	53.21
12 Aug 2020 03:13:52	48.72	1006.89	27.54	53.35
12 Aug 2020 03:13:52	48.81	1006.88	27.55	53.26
12 Aug 2020 03:13:52	48.87	1006.85	27.55	53.54
12 Aug 2020 03:13:52	48.97	1006.85	27.56	53.26
12 Aug 2020 03:13:52	48.88	1006.83	27.57	53.35
12 Aug 2020 03:13:52	48.78	1006.87	27.56	53.08
12 Aug 2020 03:13:53	48.61	1006.86	27.58	53.13
12 Aug 2020 03:13:53	48.67	1006.84	27.59	53.37
12 Aug 2020 03:13:53	48.78	1006.84	27.59	53.46
12 Aug 2020 03:13:53	48.92	1006.89	27.59	53.26
12 Aug 2020 03:13:53	48.79	1006.85	27.60	53.53
12 Aug 2020 03:13:53	48.57	1006.85	27.60	53.37
12 Aug 2020 03:13:54	48.86	1006.85	27.61	53.43
12 Aug 2020 03:13:54	48.69	1006.85	27.60	53.82
12 Aug 2020 03:13:54	48.79	1006.84	27.62	53.39
12 Aug 2020 03:13:54	48.77	1006.81	27.63	53.71
12 Aug 2020 03:13:54	48.82	1006.85	27.63	53.60
12 Aug 2020 03:13:55	48.72	1006.86	27.64	53.44
12 Aug 2020 03:13:55	48.73	1006.87	27.64	53.36
12 Aug 2020 03:13:55	48.77	1006.84	27.65	53.37
12 Aug 2020 03:13:55	48.70	1006.85	27.65	53.70
12 Aug 2020 03:13:55	48.80	1006.83	27.66	53.45
12 Aug 2020 03:13:55	48.70	1006.80	27.66	53.63
12 Aug 2020 03:13:56	48.76	1006.84	27.66	53.55
12 Aug 2020 03:13:56	48.83	1006.83	27.68	53.37
12 Aug 2020 03:13:56	48.84	1006.83	27.68	53.47
12 Aug 2020 03:13:56	48.90	1006.82	27.68	53.60
12 Aug 2020 03:13:56	48.77	1006.83	27.70	53.44
12 Aug 2020 03:13:57	48.74	1006.83	27.69	53.46
12 Aug 2020 03:13:57	48.64	1006.85	27.70	53.66
12 Aug 2020 03:13:57	48.78	1006.84	27.70	53.49
12 Aug 2020 03:13:57	48.80	1006.84	27.73	53.43
12 Aug 2020 03:13:57	48.83	1006.85	27.72	53.18
12 Aug 2020 03:13:57	48.68	1006.85	27.73	53.22
12 Aug 2020 03:13:58	48.72	1006.86	27.74	53.32
12 Aug 2020 03:13:58	48.57	1006.86	27.74	53.65
12 Aug 2020 03:13:58	48.74	1006.85	27.74	53.43
12 Aug 2020 03:13:58	48.78	1006.86	27.74	53.57
12 Aug 2020 03:13:58	48.74	1006.86	27.75	53.41
12 Aug 2020 03:13:59	48.76	1006.86	27.77	53.60
12 Aug 2020 03:13:59	48.54	1006.88	27.77	53.29
12 Aug 2020 03:13:59	48.80	1006.88	27.77	52.96
12 Aug 2020 03:13:59	48.68	1006.89	27.78	53.13
12 Aug 2020 03:13:59	48.79	1006.88	27.78	53.19
12 Aug 2020 03:13:59	48.76	1006.86	27.78	53.18
12 Aug 2020 03:14:00	48.76	1006.88	27.78	53.17
12 Aug 2020 03:14:00	48.86	1006.88	27.79	53.20
12 Aug 2020 03:14:00	48.85	1006.86	27.79	53.29
12 Aug 2020 03:14:00	48.93	1006.85	27.80	53.32
12 Aug 2020 03:14:00	48.60	1006.85	27.80	53.43
12 Aug 2020 03:14:00	48.74	1006.88	27.82	53.28
12 Aug 2020 03:14:01	48.63	1006.89	27.82	53.13
12 Aug 2020 03:14:01	48.62	1006.87	27.82	53.12
12 Aug 2020 03:14:01	48.63	1006.87	27.83	53.13
12 Aug 2020 03:14:01	48.67	1006.88	27.83	53.15
12 Aug 2020 03:14:01	48.71	1006.85	27.83	53.19
12 Aug 2020 03:14:02	48.85	1006.86	27.84	53.40
12 Aug 2020 03:14:02	48.71	1006.87	27.85	53.19
12 Aug 2020 03:14:02	48.94	1006.85	27.85	53.39
12 Aug 2020 03:14:02	48.80	1006.88	27.85	53.36
12 Aug 2020 03:14:02	48.80	1006.86	27.87	53.48
12 Aug 2020 03:14:02	48.59	1006.86	27.86	53.29
12 Aug 2020 03:14:03	48.67	1006.87	27.87	53.51
12 Aug 2020 03:14:03	48.90	1006.86	27.88	53.45
12 Aug 2020 03:14:03	48.71	1006.83	27.88	53.47
12 Aug 2020 03:14:03	48.81	1006.87	27.88	53.43
12 Aug 2020 03:14:03	48.57	1006.88	27.89	53.30
12 Aug 2020 03:14:04	48.67	1006.87	27.89	53.37
12 Aug 2020 03:14:04	48.58	1006.87	27.90	53.34
12 Aug 2020 03:14:04	48.67	1006.85	27.90	53.71
12 Aug 2020 03:14:04	48.74	1006.85	27.92	53.26
12 Aug 2020 03:14:04	48.51	1006.89	27.91	53.42
12 Aug 2020 03:14:04	48.85	1006.84	27.93	53.37
12 Aug 2020 03:14:05	48.78	1006.91	27.93	53.00
12 Aug 2020 03:14:05	48.65	1006.89	27.93	53.26
12 Aug 2020 03:14:05	48.64	1006.90	27.95	53.34
12 Aug 2020 03:14:05	48.72	1006.85	27.95	53.02
12 Aug 2020 03:14:05	48.80	1006.88	27.96	53.32
12 Aug 2020 03:14:05	48.75	1006.88	27.95	53.15
12 Aug 2020 03:14:06	48.82	1006.87	27.96	53.11
12 Aug 2020 03:14:06	48.71	1006.88	27.96	52.97
12 Aug 2020 03:14:06	48.74	1006.89	27.98	53.31
12 Aug 2020 03:14:06	48.60	1006.92	27.98	53.37
12 Aug 2020 03:14:06	48.72	1006.88	27.99	53.30
12 Aug 2020 03:14:07	48.78	1006.89	27.99	53.12
12 Aug 2020 03:14:07	48.61	1006.87	27.99	53.51
12 Aug 2020 03:14:07	48.85	1006.86	27.99	53.42
12 Aug 2020 03:14:07	48.80	1006.85	27.99	53.42
12 Aug 2020 03:14:07	48.53	1006.88	28.01	53.43
12 Aug 2020 03:14:07	48.64	1006.86	28.01	53.63
12 Aug 2020 03:14:08	48.79	1006.86	28.01	53.38
12 Aug 2020 03:14:08	48.79	1006.88	28.02	53.19
12 Aug 2020 03:14:08	48.75	1006.85	28.02	53.54
12 Aug 2020 03:14:08	48.78	1006.89	28.03	53.27
12 Aug 2020 03:14:08	48.74	1006.85	28.03	53.41
12 Aug 2020 03:14:09	48.63	1006.86	28.04	53.29
12 Aug 2020 03:14:09	48.73	1006.82	28.04	53.30
12 Aug 2020 03:14:09	48.53	1006.86	28.05	53.35
12 Aug 2020 03:14:09	48.67	1006.88	28.05	53.30
12 Aug 2020 03:14:09	48.76	1006.85	28.06	53.42
12 Aug 2020 03:14:09	48.64	1006.86	28.06	53.49
12 Aug 2020 03:14:10	48.64	1006.83	28.07	53.52
12 Aug 2020 03:14:10	48.57	1006.88	28.07	53.10
12 Aug 2020 03:14:10	48.74	1006.83	28.07	53.48
12 Aug 2020 03:14:10	48.58	1006.85	28.08	53.34
12 Aug 2020 03:14:10	48.64	1006.87	28.08	53.44
12 Aug 2020 03:14:10	48.64	1006.84	28.09	53.12
12 Aug 2020 03:14:11	48.69	1006.88	28.10	53.31
12 Aug 2020 03:14:11	48.66	1006.89	28.10	53.47
12 Aug 2020 03:14:11	48.57	1006.87	28.11	53.05
12 Aug 2020 03:14:11	48.57	1006.93	28.11	53.03
12 Aug 2020 03:14:11	48.69	1006.85	28.10	53.31
12 Aug 2020 03:14:12	48.49	1006.87	28.11	53.39
12 Aug 2020 03:14:12	48.55	1006.85	28.11	53.28
12 Aug 2020 03:14:12	48.55	1006.84	28.12	53.55
12 Aug 2020 03:14:12	48.64	1006.87	28.13	53.40
12 Aug 2020 03:14:12	48.60	1006.86	28.13	53.07
12 Aug 2020 03:14:12	48.60	1006.89	28.13	53.50
12 Aug 2020 03:14:13	48.64	1006.86	28.14	53.48
12 Aug 2020 03:14:13	48.60	1006.86	28.15	53.43
12 Aug 2020 03:14:13	48.57	1006.85	28.14	53.56
12 Aug 2020 03:14:13	48.68	1006.87	28.14	53.24
12 Aug 2020 03:14:13	48.68	1006.87	28.15	53.25
12 Aug 2020 03:14:14	48.68	1006.85	28.16	53.51
12 Aug 2020 03:14:14	48.72	1006.86	28.16	53.48
12 Aug 2020 03:14:14	48.74	1006.84	28.16	53.25
12 Aug 2020 03:14:14	48.61	1006.85	28.17	53.30
12 Aug 2020 03:14:14	48.68	1006.85	28.18	53.40
12 Aug 2020 03:14:14	48.63	1006.84	28.20	53.50
12 Aug 2020 03:14:15	48.65	1006.86	28.20	53.29
12 Aug 2020 03:14:15	48.49	1006.87	28.19	53.15
12 Aug 2020 03:14:15	48.50	1006.86	28.20	53.31
12 Aug 2020 03:14:15	48.56	1006.87	28.20	53.35
12 Aug 2020 03:14:15	48.40	1006.88	28.20	53.16
12 Aug 2020 03:14:15	48.49	1006.88	28.21	53.09
12 Aug 2020 03:14:16	48.43	1006.87	28.21	53.29
12 Aug 2020 03:14:16	48.66	1006.87	28.21	53.10
12 Aug 2020 03:14:16	48.65	1006.88	28.21	53.28
12 Aug 2020 03:14:16	48.75	1006.86	28.22	53.31
12 Aug 2020 03:14:16	48.62	1006.82	28.23	53.34
12 Aug 2020 03:14:17	48.59	1006.86	28.23	53.32
12 Aug 2020 03:14:17	48.42	1006.90	28.24	53.02
12 Aug 2020 03:14:17	48.49	1006.87	28.24	53.32
12 Aug 2020 03:14:17	48.62	1006.87	28.25	53.41
12 Aug 2020 03:14:17	48.56	1006.89	28.25	53.16
12 Aug 2020 03:14:17	48.47	1006.88	28.25	53.39
12 Aug 2020 03:14:18	48.61	1006.86	28.26	53.61
12 Aug 2020 03:14:18	48.45	1006.88	28.26	52.98
12 Aug 2020 03:14:18	48.47	1006.88	28.27	52.90
12 Aug 2020 03:14:18	48.51	1006.87	28.27	53.13
12 Aug 2020 03:14:18	48.66	1006.88	28.27	53.31
12 Aug 2020 03:14:19	48.51	1006.86	28.28	53.19
12 Aug 2020 03:14:19	48.55	1006.90	28.29	53.19
12 Aug 2020 03:14:19	48.47	1006.87	28.29	53.33
12 Aug 2020 03:14:19	48.46	1006.89	28.30	53.12
12 Aug 2020 03:14:19	48.51	1006.86	28.29	53.25
12 Aug 2020 03:14:19	48.44	1006.88	28.30	53.01
12 Aug 2020 03:14:20	48.53	1006.88	28.30	53.23
12 Aug 2020 03:14:20	48.46	1006.88	28.30	53.18
12 Aug 2020 03:14:20	48.45	1006.91	28.30	53.33
12 Aug 2020 03:14:20	48.39	1006.91	28.32	53.15
12 Aug 2020 03:14:20	48.39	1006.91	28.34	53.15
12 Aug 2020 03:14:20	48.33	1006.90	28.32	53.02
12 Aug 2020 03:14:21	48.36	1006.88	28.33	53.25
12 Aug 2020 03:14:21	48.58	1006.88	28.34	53.17
12 Aug 2020 03:14:21	48.42	1006.87	28.35	53.13
12 Aug 2020 03:14:21	48.47	1006.86	28.35	53.25
12 Aug 2020 03:14:21	48.41	1006.89	28.35	53.11
12 Aug 2020 03:14:22	48.45	1006.86	28.35	53.21
12 Aug 2020 03:14:22	48.32	1006.88	28.36	53.20
12 Aug 2020 03:14:22	48.45	1006.87	28.36	53.17
12 Aug 2020 03:14:22	48.58	1006.86	28.36	53.40
12 Aug 2020 03:14:22	48.36	1006.88	28.37	53.19
12 Aug 2020 03:14:22	48.38	1006.84	28.37	53.17
12 Aug 2020 03:14:23	48.24	1006.89	28.37	52.95
12 Aug 2020 03:14:23	48.49	1006.91	28.37	53.03
12 Aug 2020 03:14:23	48.47	1006.87	28.38	52.98
12 Aug 2020 03:14:23	48.48	1006.88	28.40	53.25
12 Aug 2020 03:14:23	48.58	1006.93	28.40	52.96
12 Aug 2020 03:14:24	48.45	1006.91	28.40	52.80
12 Aug 2020 03:14:24	48.50	1006.87	28.40	53.26
12 Aug 2020 03:14:24	48.64	1006.90	28.40	52.87
12 Aug 2020 03:14:24	48.39	1006.91	28.41	53.13
12 Aug 2020 03:14:24	48.39	1006.92	28.42	53.00
12 Aug 2020 03:14:24	48.43	1006.91	28.42	53.17
12 Aug 2020 03:14:25	48.44	1006.86	28.43	53.22
12 Aug 2020 03:14:25	48.36	1006.89	28.42	54.38
12 Aug 2020 03:14:25	48.57	1006.87	28.43	52.95
12 Aug 2020 03:14:25	48.46	1006.88	28.43	53.17
12 Aug 2020 03:14:25	48.42	1006.88	28.45	53.38
12 Aug 2020 03:14:25	48.49	1006.87	28.44	53.22
12 Aug 2020 03:14:26	48.53	1006.88	28.45	53.16
12 Aug 2020 03:14:26	48.38	1006.86	28.46	53.19
12 Aug 2020 03:14:26	48.47	1006.89	28.46	53.19
12 Aug 2020 03:14:26	48.47	1006.87	28.46	53.33
12 Aug 2020 03:14:26	48.47	1006.88	28.46	53.10
12 Aug 2020 03:14:27	48.46	1006.92	28.46	52.95
12 Aug 2020 03:14:27	48.35	1006.91	28.46	53.13
12 Aug 2020 03:14:27	48.49	1006.91	28.47	52.98
12 Aug 2020 03:14:27	48.33	1006.91	28.47	53.05
12 Aug 2020 03:14:27	48.46	1006.88	28.48	52.98
12 Aug 2020 03:14:27	48.55	1006.88	28.48	53.06
12 Aug 2020 03:14:28	48.34	1006.88	28.49	53.22
12 Aug 2020 03:14:28	48.29	1006.88	28.49	52.86
12 Aug 2020 03:14:28	48.54	1006.90	28.50	53.06
12 Aug 2020 03:14:28	48.27	1006.86	28.50	53.16
12 Aug 2020 03:14:28	48.44	1006.90	28.50	53.03
12 Aug 2020 03:14:29	48.40	1006.90	28.51	53.16
12 Aug 2020 03:14:29	48.39	1006.89	28.52	52.79
12 Aug 2020 03:14:29	48.35	1006.88	28.53	53.26
12 Aug 2020 03:14:29	48.23	1006.90	28.53	53.10
12 Aug 2020 03:14:29	48.20	1006.86	28.53	53.24
12 Aug 2020 03:14:29	48.44	1006.88	28.53	53.24
12 Aug 2020 03:14:30	48.21	1006.88	28.54	53.15
12 Aug 2020 03:14:30	48.43	1006.90	28.54	52.96
12 Aug 2020 03:14:30	48.37	1006.91	28.54	53.17
12 Aug 2020 03:14:30	48.30	1006.87	28.53	53.41
12 Aug 2020 03:14:30	48.47	1006.87	28.55	53.07
12 Aug 2020 03:14:30	48.31	1006.87	28.55	53.14
12 Aug 2020 03:14:31	48.20	1006.88	28.55	53.08
12 Aug 2020 03:14:31	48.16	1006.92	28.57	53.16
12 Aug 2020 03:14:31	48.09	1006.87	28.57	53.38
12 Aug 2020 03:14:31	48.28	1006.89	28.58	53.04
12 Aug 2020 03:14:31	48.17	1006.91	28.58	53.03
12 Aug 2020 03:14:32	48.03	1006.87	28.59	53.05
12 Aug 2020 03:14:32	48.20	1006.90	28.58	53.10
12 Aug 2020 03:14:32	48.17	1006.90	28.59	53.15
12 Aug 2020 03:14:32	48.03	1006.91	28.58	53.10
12 Aug 2020 03:14:32	47.91	1006.91	28.60	52.83
12 Aug 2020 03:14:32	48.11	1006.92	28.59	52.93
12 Aug 2020 03:14:33	48.09	1006.91	28.60	53.01
12 Aug 2020 03:14:33	47.96	1006.92	28.61	53.09
12 Aug 2020 03:14:33	47.97	1006.90	28.60	53.01
12 Aug 2020 03:14:33	47.91	1006.93	28.61	53.25
12 Aug 2020 03:14:33	47.88	1006.87	28.61	52.98
12 Aug 2020 03:14:34	47.84	1006.90	28.61	53.19
12 Aug 2020 03:14:34	47.92	1006.88	28.63	53.28
12 Aug 2020 03:14:34	47.92	1006.88	28.62	53.04
12 Aug 2020 03:14:34	47.94	1006.89	28.62	52.95
12 Aug 2020 03:14:34	47.73	1006.89	28.62	52.87
12 Aug 2020 03:14:34	47.72	1006.90	28.62	53.14
12 Aug 2020 03:14:35	47.62	1006.93	28.62	52.84
12 Aug 2020 03:14:35	47.73	1006.89	28.64	52.82
12 Aug 2020 03:14:35	47.52	1006.90	28.64	53.02
12 Aug 2020 03:14:35	47.65	1006.93	28.65	52.75
12 Aug 2020 03:14:35	47.53	1006.91	28.65	53.07
12 Aug 2020 03:14:36	47.62	1006.91	28.67	52.97
12 Aug 2020 03:14:36	47.52	1006.92	28.67	52.94
12 Aug 2020 03:14:36	47.59	1006.90	28.68	52.83
12 Aug 2020 03:14:36	47.54	1006.92	28.67	52.62
12 Aug 2020 03:14:36	47.49	1006.91	28.68	53.00
12 Aug 2020 03:14:36	47.64	1006.90	28.69	52.94
12 Aug 2020 03:14:37	47.66	1006.93	28.69	52.87
12 Aug 2020 03:14:37	47.48	1006.90	28.69	52.72
12 Aug 2020 03:14:37	47.39	1006.91	28.68	52.78
12 Aug 2020 03:14:37	47.48	1006.93	28.70	52.73
12 Aug 2020 03:14:37	47.64	1006.92	28.69	52.99
12 Aug 2020 03:14:37	47.53	1006.92	28.70	52.83
12 Aug 2020 03:14:38	47.59	1006.90	28.70	53.00
12 Aug 2020 03:14:38	47.38	1006.90	28.69	53.28
12 Aug 2020 03:14:38	47.48	1006.89	28.72	52.90
12 Aug 2020 03:14:38	47.49	1006.92	28.70	53.06
12 Aug 2020 03:14:38	47.38	1006.91	28.70	52.91
12 Aug 2020 03:14:39	47.54	1006.93	28.72	53.12
12 Aug 2020 03:14:39	47.30	1006.93	28.72	53.09
12 Aug 2020 03:14:39	47.39	1006.89	28.72	53.03
12 Aug 2020 03:14:39	47.37	1006.91	28.72	52.90
12 Aug 2020 03:14:39	47.33	1006.94	28.74	52.79
12 Aug 2020 03:14:39	47.33	1006.92	28.73	52.72
12 Aug 2020 03:14:40	47.26	1006.92	28.74	53.03
12 Aug 2020 03:14:40	47.37	1006.91	28.74	52.76
12 Aug 2020 03:14:40	47.23	1006.93	28.74	52.88
12 Aug 2020 03:14:40	47.28	1006.91	28.76	52.94
12 Aug 2020 03:14:40	47.13	1006.89	28.75	52.96
12 Aug 2020 03:14:40	47.31	1006.91	28.75	53.00
12 Aug 2020 03:14:41	47.34	1006.90	28.76	52.80
12 Aug 2020 03:14:41	47.37	1006.90	28.76	52.81
12 Aug 2020 03:14:41	47.31	1006.94	28.77	52.80
12 Aug 2020 03:14:41	47.27	1006.94	28.77	52.82
12 Aug 2020 03:14:41	47.35	1006.91	28.77	52.89
12 Aug 2020 03:14:42	47.32	1006.91	28.77	53.03
12 Aug 2020 03:14:42	47.45	1006.93	28.78	52.73
12 Aug 2020 03:14:42	47.12	1006.93	28.78	52.99
12 Aug 2020 03:14:42	47.28	1006.93	28.78	52.65
12 Aug 2020 03:14:42	47.37	1006.92	28.79	52.92
12 Aug 2020 03:14:42	47.12	1006.90	28.80	52.86
12 Aug 2020 03:14:43	47.28	1006.90	28.79	52.85
12 Aug 2020 03:14:43	47.24	1006.91	28.78	52.85
12 Aug 2020 03:14:43	47.18	1006.92	28.80	52.85
12 Aug 2020 03:14:43	47.31	1006.89	28.80	52.94
12 Aug 2020 03:14:43	47.21	1006.90	28.80	52.92
12 Aug 2020 03:14:44	47.12	1006.89	28.81	53.17
12 Aug 2020 03:14:44	47.18	1006.90	28.80	52.80
12 Aug 2020 03:14:44	47.06	1006.92	28.81	52.87
12 Aug 2020 03:14:44	47.16	1006.92	28.81	52.80
12 Aug 2020 03:14:44	47.10	1006.92	28.82	52.87
12 Aug 2020 03:14:44	47.14	1006.93	28.82	52.69
12 Aug 2020 03:14:45	47.18	1006.92	28.83	52.72
12 Aug 2020 03:14:45	47.14	1006.94	28.84	52.73
12 Aug 2020 03:14:45	47.13	1006.90	28.83	52.80
12 Aug 2020 03:14:45	47.08	1006.91	28.84	52.71
12 Aug 2020 03:14:45	47.00	1006.92	28.84	53.15
12 Aug 2020 03:14:46	47.00	1006.92	28.84	52.91
12 Aug 2020 03:14:46	47.08	1006.88	28.84	53.18
12 Aug 2020 03:14:46	47.03	1006.90	28.84	53.22
12 Aug 2020 03:14:46	46.96	1006.88	28.84	53.08
12 Aug 2020 03:14:46	46.86	1006.88	28.85	53.11
12 Aug 2020 03:14:46	46.97	1006.92	28.85	52.78
12 Aug 2020 03:14:47	46.89	1006.91	28.86	52.57
12 Aug 2020 03:14:47	46.87	1006.89	28.85	52.98
12 Aug 2020 03:14:47	46.92	1006.94	28.86	52.86
12 Aug 2020 03:14:47	46.66	1006.91	28.86	52.90
12 Aug 2020 03:14:47	46.79	1006.90	28.87	52.95
12 Aug 2020 03:14:47	46.80	1006.91	28.87	52.96
12 Aug 2020 03:14:48	46.84	1006.91	28.88	52.79
12 Aug 2020 03:14:48	46.64	1006.93	28.89	52.89
12 Aug 2020 03:14:48	46.79	1006.91	28.89	52.85
12 Aug 2020 03:14:48	46.57	1006.94	28.89	53.01
12 Aug 2020 03:14:48	46.61	1006.91	28.89	52.70
12 Aug 2020 03:14:49	46.62	1006.92	28.90	52.53
12 Aug 2020 03:14:49	46.70	1006.93	28.90	52.74
12 Aug 2020 03:14:49	46.72	1006.94	28.91	52.77
12 Aug 2020 03:14:49	46.50	1006.94	28.90	52.70
12 Aug 2020 03:14:49	46.62	1006.94	28.91	52.81
12 Aug 2020 03:14:49	46.70	1006.96	28.91	52.75
12 Aug 2020 03:14:50	46.54	1006.93	28.92	52.59
12 Aug 2020 03:14:50	46.65	1006.92	28.92	52.72
12 Aug 2020 03:14:50	46.49	1006.92	28.92	52.85
12 Aug 2020 03:14:50	46.47	1006.92	28.92	52.74
12 Aug 2020 03:14:50	46.51	1006.91	28.93	53.05
12 Aug 2020 03:14:51	46.43	1006.91	28.93	52.84
12 Aug 2020 03:14:51	46.44	1006.93	28.93	52.60
12 Aug 2020 03:14:51	46.53	1006.94	28.94	52.89
12 Aug 2020 03:14:51	46.40	1006.94	28.95	52.65
12 Aug 2020 03:14:51	46.44	1006.92	28.95	52.71
12 Aug 2020 03:14:51	46.55	1006.93	28.95	52.75
12 Aug 2020 03:14:52	46.45	1006.92	28.94	52.66
12 Aug 2020 03:14:52	46.49	1006.96	28.96	52.79
12 Aug 2020 03:14:52	46.57	1006.93	28.96	52.70
12 Aug 2020 03:14:52	46.61	1006.93	28.96	53.02
12 Aug 2020 03:14:52	46.47	1006.91	28.96	52.89
12 Aug 2020 03:14:52	46.45	1006.93	28.97	52.68
12 Aug 2020 03:14:53	46.57	1006.93	28.97	52.68
12 Aug 2020 03:14:53	46.43	1006.91	28.97	52.85
12 Aug 2020 03:14:53	46.65	1006.90	28.97	52.70
12 Aug 2020 03:14:53	46.45	1006.92	28.98	52.54
12 Aug 2020 03:14:53	46.51	1006.93	28.98	52.56
12 Aug 2020 03:14:54	46.54	1006.92	28.98	52.70
12 Aug 2020 03:14:54	46.48	1006.92	28.98	52.69
12 Aug 2020 03:14:54	46.33	1006.90	29.00	52.54
12 Aug 2020 03:14:54	46.34	1006.94	28.98	52.70
12 Aug 2020 03:14:54	46.34	1006.94	29.00	52.71
12 Aug 2020 03:14:54	46.37	1006.94	29.00	52.59
12 Aug 2020 03:14:55	46.15	1006.93	29.00	52.86
12 Aug 2020 03:14:55	46.16	1006.94	29.00	52.79
12 Aug 2020 03:14:55	46.15	1006.94	29.01	52.56
12 Aug 2020 03:14:55	46.15	1006.91	29.01	52.85
12 Aug 2020 03:14:55	46.33	1006.92	29.01	52.92
12 Aug 2020 03:14:56	46.38	1006.93	29.02	52.91
12 Aug 2020 03:14:56	46.25	1006.93	29.03	52.94
12 Aug 2020 03:14:56	46.34	1006.92	29.03	52.79
12 Aug 2020 03:14:56	46.41	1006.94	29.03	52.60
12 Aug 2020 03:14:56	46.45	1006.95	29.04	52.56
12 Aug 2020 03:14:56	46.44	1006.94	29.04	52.58
12 Aug 2020 03:14:57	46.58	1006.97	29.04	52.57
12 Aug 2020 03:14:57	46.45	1006.90	29.04	52.75
12 Aug 2020 03:14:57	46.43	1006.94	29.06	52.79
12 Aug 2020 03:14:57	46.42	1006.92	29.06	52.92
12 Aug 2020 03:14:57	46.50	1006.91	29.06	53.01
12 Aug 2020 03:14:58	46.49	1006.93	29.06	52.64
12 Aug 2020 03:14:58	46.48	1006.91	29.08	52.64
12 Aug 2020 03:14:58	46.49	1006.95	29.07	52.77
12 Aug 2020 03:14:58	46.67	1006.93	29.07	52.73
12 Aug 2020 03:14:58	46.61	1006.90	29.07	53.00
12 Aug 2020 03:14:58	46.51	1006.94	29.09	52.85
12 Aug 2020 03:14:59	46.69	1006.91	29.09	52.61
12 Aug 2020 03:14:59	46.52	1006.90	29.09	52.78
12 Aug 2020 03:14:59	46.63	1006.88	29.09	52.92
12 Aug 2020 03:14:59	46.72	1006.92	29.09	52.84
12 Aug 2020 03:14:59	46.60	1006.90	29.10	52.80
12 Aug 2020 03:14:59	46.59	1006.92	29.10	53.03
12 Aug 2020 03:15:00	46.44	1006.93	29.10	52.71
12 Aug 2020 03:15:00	46.71	1006.91	29.10	53.12
12 Aug 2020 03:15:00	46.63	1006.90	29.11	52.93
12 Aug 2020 03:15:00	46.61	1006.89	29.11	53.18
12 Aug 2020 03:15:00	46.61	1006.87	29.12	52.90
12 Aug 2020 03:15:01	46.66	1006.91	29.11	53.03
12 Aug 2020 03:15:01	46.62	1006.92	29.12	52.58
12 Aug 2020 03:15:01	46.55	1006.90	29.14	52.98
12 Aug 2020 03:15:01	46.67	1006.89	29.13	53.15
12 Aug 2020 03:15:01	46.69	1006.91	29.14	52.99
12 Aug 2020 03:15:01	46.67	1006.91	29.14	52.81
12 Aug 2020 03:15:02	46.72	1006.91	29.14	52.86
12 Aug 2020 03:15:02	46.57	1006.92	29.15	52.74
12 Aug 2020 03:15:02	46.58	1006.95	29.16	52.81
12 Aug 2020 03:15:02	46.50	1006.90	29.16	52.87
12 Aug 2020 03:15:02	46.61	1006.92	29.16	52.90
12 Aug 2020 03:15:03	46.53	1006.92	29.16	53.20
12 Aug 2020 03:15:03	46.49	1006.89	29.16	52.86
12 Aug 2020 03:15:03	46.51	1006.90	29.16	52.79
12 Aug 2020 03:15:03	46.48	1006.93	29.17	52.88
12 Aug 2020 03:15:03	46.46	1006.91	29.17	52.90
12 Aug 2020 03:15:03	46.38	1006.93	29.18	52.86
12 Aug 2020 03:15:04	46.51	1006.89	29.18	52.77
12 Aug 2020 03:15:04	46.54	1006.93	29.18	52.95
12 Aug 2020 03:15:04	46.45	1006.91	29.17	52.82
12 Aug 2020 03:15:04	46.46	1006.94	29.18	52.55
12 Aug 2020 03:15:04	46.48	1006.91	29.18	52.90
12 Aug 2020 03:15:04	46.34	1006.91	29.18	53.00
12 Aug 2020 03:15:05	46.37	1006.89	29.18	53.18
12 Aug 2020 03:15:05	46.45	1006.89	29.18	52.90
12 Aug 2020 03:15:05	46.20	1006.91	29.18	52.98
12 Aug 2020 03:15:05	46.28	1006.89	29.19	53.07
12 Aug 2020 03:15:05	46.34	1006.88	29.19	53.06
12 Aug 2020 03:15:06	46.27	1006.89	29.20	53.27
12 Aug 2020 03:15:06	46.17	1006.87	29.20	53.10
12 Aug 2020 03:15:06	46.11	1006.90	29.20	52.79
12 Aug 2020 03:15:06	46.23	1006.92	29.20	53.26
12 Aug 2020 03:15:06	46.21	1006.90	29.20	53.01
12 Aug 2020 03:15:06	46.23	1006.88	29.20	53.10
12 Aug 2020 03:15:07	46.20	1006.89	29.21	53.16
12 Aug 2020 03:15:07	46.21	1006.91	29.21	52.89
12 Aug 2020 03:15:07	46.20	1006.91	29.21	52.82
12 Aug 2020 03:15:07	46.14	1006.90	29.22	52.95
12 Aug 2020 03:15:07	46.19	1006.89	29.23	52.88
12 Aug 2020 03:15:08	46.10	1006.88	29.22	53.05
12 Aug 2020 03:15:08	46.25	1006.91	29.24	53.01
12 Aug 2020 03:15:08	46.20	1006.92	29.22	52.90
12 Aug 2020 03:15:08	46.26	1006.93	29.23	52.97
12 Aug 2020 03:15:08	46.03	1006.94	29.23	52.97
12 Aug 2020 03:15:08	46.10	1006.91	29.22	52.91
12 Aug 2020 03:15:09	46.04	1006.86	29.23	53.14
12 Aug 2020 03:15:09	46.03	1006.89	29.23	52.99
12 Aug 2020 03:15:09	46.00	1006.91	29.24	53.13
12 Aug 2020 03:15:09	46.04	1006.92	29.24	52.72
12 Aug 2020 03:15:09	46.02	1006.89	29.25	52.92
12 Aug 2020 03:15:09	46.16	1006.88	29.25	52.98
12 Aug 2020 03:15:10	45.96	1006.91	29.25	52.87
12 Aug 2020 03:15:10	45.92	1006.91	29.26	52.96
12 Aug 2020 03:15:10	46.02	1006.90	29.25	52.78
12 Aug 2020 03:15:10	46.13	1006.91	29.26	52.93
12 Aug 2020 03:15:10	45.93	1006.93	29.26	52.61
12 Aug 2020 03:15:11	46.17	1006.91	29.26	53.09
12 Aug 2020 03:15:11	46.08	1006.92	29.27	52.92
12 Aug 2020 03:15:11	46.16	1006.92	29.27	52.94
12 Aug 2020 03:15:11	46.16	1006.89	29.27	52.78
12 Aug 2020 03:15:11	46.13	1006.92	29.27	52.71
12 Aug 2020 03:15:11	46.00	1006.95	29.27	52.82
12 Aug 2020 03:15:12	46.07	1006.90	29.27	52.80
12 Aug 2020 03:15:12	46.14	1006.93	29.28	52.64
12 Aug 2020 03:15:12	46.14	1006.96	29.27	52.47
12 Aug 2020 03:15:12	46.18	1006.92	29.28	52.79
12 Aug 2020 03:15:12	46.12	1006.91	29.28	52.53
12 Aug 2020 03:15:13	46.23	1006.92	29.28	52.80
12 Aug 2020 03:15:13	46.09	1006.92	29.28	53.00
12 Aug 2020 03:15:13	46.09	1006.91	29.29	52.94
12 Aug 2020 03:15:13	46.25	1006.93	29.29	52.82
12 Aug 2020 03:15:13	46.14	1006.93	29.30	52.88
12 Aug 2020 03:15:13	46.10	1006.92	29.30	52.70
12 Aug 2020 03:15:14	46.22	1006.90	29.30	52.75
12 Aug 2020 03:15:14	46.27	1006.92	29.31	52.88
12 Aug 2020 03:15:14	46.38	1006.92	29.31	52.70
12 Aug 2020 03:15:14	46.31	1006.92	29.31	52.87
12 Aug 2020 03:15:14	46.22	1006.91	29.31	52.81
12 Aug 2020 03:15:14	46.28	1006.95	29.32	52.84
12 Aug 2020 03:15:15	46.48	1006.92	29.33	52.73
12 Aug 2020 03:15:15	46.56	1006.93	29.33	52.79
12 Aug 2020 03:15:15	46.44	1006.89	29.34	53.07
12 Aug 2020 03:15:15	46.45	1006.92	29.33	52.93
12 Aug 2020 03:15:15	46.55	1006.91	29.35	52.88
12 Aug 2020 03:15:16	46.52	1006.91	29.35	52.88
12 Aug 2020 03:15:16	46.57	1006.90	29.35	52.58
12 Aug 2020 03:15:16	46.67	1006.93	29.35	52.55
12 Aug 2020 03:15:16	46.79	1006.95	29.36	52.60
12 Aug 2020 03:15:16	46.80	1006.91	29.36	53.00
12 Aug 2020 03:15:16	47.01	1006.90	29.36	52.74
12 Aug 2020 03:15:17	46.90	1006.91	29.37	52.67
12 Aug 2020 03:15:17	47.13	1006.94	29.38	52.94
12 Aug 2020 03:15:17	47.13	1006.93	29.38	52.76
12 Aug 2020 03:15:17	47.27	1006.93	29.38	52.68
12 Aug 2020 03:15:17	47.24	1006.92	29.38	52.85
12 Aug 2020 03:15:18	47.34	1006.91	29.39	53.03
12 Aug 2020 03:15:18	47.41	1006.90	29.40	52.78
12 Aug 2020 03:15:18	47.39	1006.92	29.40	52.87
12 Aug 2020 03:15:18	47.39	1006.92	29.39	52.87
12 Aug 2020 03:15:18	47.44	1006.92	29.40	53.08
12 Aug 2020 03:15:18	47.44	1006.93	29.41	52.90
12 Aug 2020 03:15:19	47.50	1006.92	29.41	52.70
12 Aug 2020 03:15:19	47.54	1006.89	29.40	52.93
12 Aug 2020 03:15:19	47.63	1006.93	29.41	52.82
12 Aug 2020 03:15:19	47.61	1006.90	29.42	52.93
12 Aug 2020 03:15:19	47.72	1006.93	29.42	53.00
12 Aug 2020 03:15:19	47.59	1006.91	29.43	52.95
12 Aug 2020 03:15:20	47.61	1006.93	29.42	52.91
12 Aug 2020 03:15:20	47.61	1006.90	29.43	53.15
12 Aug 2020 03:15:20	47.70	1006.91	29.44	52.90
12 Aug 2020 03:15:20	47.79	1006.90	29.43	52.96
12 Aug 2020 03:15:20	47.74	1006.88	29.45	52.78
12 Aug 2020 03:15:21	47.84	1006.89	29.44	53.16
12 Aug 2020 03:15:21	47.75	1006.90	29.45	53.07
12 Aug 2020 03:15:21	47.78	1006.88	29.45	53.03
12 Aug 2020 03:15:21	47.86	1006.89	29.45	53.04
12 Aug 2020 03:15:21	47.82	1006.90	29.45	53.09
12 Aug 2020 03:15:21	47.89	1006.90	29.45	52.98
12 Aug 2020 03:15:22	47.85	1006.89	29.46	53.07
12 Aug 2020 03:15:22	47.95	1006.87	29.46	52.92
12 Aug 2020 03:15:22	47.78	1006.90	29.46	53.06
12 Aug 2020 03:15:22	47.97	1006.91	29.46	53.08
12 Aug 2020 03:15:22	47.89	1006.89	29.46	53.10
12 Aug 2020 03:15:22	47.92	1006.91	29.48	52.86
12 Aug 2020 03:15:23	48.08	1006.90	29.47	52.86
12 Aug 2020 03:15:23	48.08	1006.91	29.48	52.78
12 Aug 2020 03:15:23	48.12	1006.91	29.48	52.94
12 Aug 2020 03:15:23	48.06	1006.93	29.49	52.97
12 Aug 2020 03:15:23	47.95	1006.92	29.49	53.00
12 Aug 2020 03:15:24	48.11	1006.94	29.49	52.82
12 Aug 2020 03:15:24	48.29	1006.90	29.50	53.06
12 Aug 2020 03:15:24	48.24	1006.92	29.50	52.89
12 Aug 2020 03:15:24	48.16	1006.95	29.51	52.89
12 Aug 2020 03:15:24	48.23	1006.91	29.51	52.94
12 Aug 2020 03:15:24	48.48	1006.90	29.52	53.02
12 Aug 2020 03:15:25	48.41	1006.93	29.52	53.05
12 Aug 2020 03:15:25	48.41	1006.93	29.52	53.07
12 Aug 2020 03:15:25	48.44	1006.91	29.53	52.87
12 Aug 2020 03:15:25	48.50	1006.93	29.53	53.06
12 Aug 2020 03:15:25	48.54	1006.90	29.53	52.90
12 Aug 2020 03:15:26	48.72	1006.92	29.53	52.81
12 Aug 2020 03:15:26	48.67	1006.90	29.54	53.01
12 Aug 2020 03:15:26	48.49	1006.89	29.53	52.96
12 Aug 2020 03:15:26	48.66	1006.91	29.55	53.05
12 Aug 2020 03:15:26	48.57	1006.91	29.55	52.97
12 Aug 2020 03:15:26	48.75	1006.93	29.56	52.82
12 Aug 2020 03:15:27	48.83	1006.89	29.56	52.91
12 Aug 2020 03:15:27	48.81	1006.90	29.55	52.77
12 Aug 2020 03:15:27	48.72	1006.93	29.57	52.88
12 Aug 2020 03:15:27	48.79	1006.92	29.56	52.77
12 Aug 2020 03:15:27	48.86	1006.91	29.56	53.08
12 Aug 2020 03:15:28	48.88	1006.92	29.56	52.93
12 Aug 2020 03:15:28	48.76	1006.93	29.56	52.84
12 Aug 2020 03:15:28	48.88	1006.87	29.57	53.13
12 Aug 2020 03:15:28	48.79	1006.90	29.57	52.85
12 Aug 2020 03:15:28	48.86	1006.87	29.58	53.20
12 Aug 2020 03:15:28	48.88	1006.93	29.58	52.78
12 Aug 2020 03:15:29	48.98	1006.91	29.57	52.95
12 Aug 2020 03:15:29	48.88	1006.91	29.57	53.16
12 Aug 2020 03:15:29	49.00	1006.91	29.59	53.05
12 Aug 2020 03:15:29	48.91	1006.90	29.59	52.92
12 Aug 2020 03:15:29	49.01	1006.93	29.59	52.75
12 Aug 2020 03:15:29	48.94	1006.91	29.60	52.97
12 Aug 2020 03:15:30	49.00	1006.91	29.60	52.76
12 Aug 2020 03:15:30	48.89	1006.90	29.60	53.02
12 Aug 2020 03:15:30	49.05	1006.91	29.60	52.78
12 Aug 2020 03:15:30	49.04	1006.92	29.60	52.86
12 Aug 2020 03:15:30	49.09	1006.91	29.59	52.78
12 Aug 2020 03:15:31	49.04	1006.93	29.60	52.70
12 Aug 2020 03:15:31	49.06	1006.92	29.61	52.98
12 Aug 2020 03:15:31	49.08	1006.90	29.61	53.11
12 Aug 2020 03:15:31	49.11	1006.90	29.62	53.04
12 Aug 2020 03:15:31	49.10	1006.92	29.61	52.90
12 Aug 2020 03:15:31	49.17	1006.90	29.61	52.92
12 Aug 2020 03:15:32	49.12	1006.91	29.61	52.73
12 Aug 2020 03:15:32	49.14	1006.91	29.62	52.95
12 Aug 2020 03:15:32	49.31	1006.91	29.62	52.79
12 Aug 2020 03:15:32	49.16	1006.89	29.62	52.98
12 Aug 2020 03:15:32	49.15	1006.90	29.62	53.02
12 Aug 2020 03:15:33	49.19	1006.88	29.62	53.18
12 Aug 2020 03:15:33	49.29	1006.91	29.63	52.89
12 Aug 2020 03:15:33	49.22	1006.91	29.63	52.67
12 Aug 2020 03:15:33	49.21	1006.91	29.63	52.88
12 Aug 2020 03:15:33	49.26	1006.92	29.63	52.95
12 Aug 2020 03:15:33	49.22	1006.89	29.65	52.70
12 Aug 2020 03:15:34	49.28	1006.89	29.64	52.83
12 Aug 2020 03:15:34	49.38	1006.92	29.64	52.81
12 Aug 2020 03:15:34	49.38	1006.91	29.64	52.97
12 Aug 2020 03:15:34	49.42	1006.91	29.64	52.70
12 Aug 2020 03:15:34	49.40	1006.97	29.65	52.69
12 Aug 2020 03:15:35	49.37	1006.90	29.66	52.79
12 Aug 2020 03:15:35	49.34	1006.93	29.67	52.91
12 Aug 2020 03:15:35	49.42	1006.92	29.66	52.79
12 Aug 2020 03:15:35	49.35	1006.92	29.66	52.75
12 Aug 2020 03:15:35	49.28	1006.90	29.66	52.93
12 Aug 2020 03:15:35	49.39	1006.95	29.66	52.78
12 Aug 2020 03:15:36	49.25	1006.94	29.66	52.59
12 Aug 2020 03:15:36	49.36	1006.94	29.67	52.53
12 Aug 2020 03:15:36	49.31	1006.93	29.66	52.71
12 Aug 2020 03:15:36	49.35	1006.95	29.67	52.57
12 Aug 2020 03:15:36	49.26	1006.94	29.67	52.83
12 Aug 2020 03:15:36	49.36	1006.92	29.67	52.35
12 Aug 2020 03:15:37	49.53	1006.97	29.67	52.67
12 Aug 2020 03:15:37	49.40	1006.94	29.67	52.54
12 Aug 2020 03:15:37	49.54	1006.94	29.68	52.81
12 Aug 2020 03:15:37	49.48	1006.92	29.68	52.85
12 Aug 2020 03:15:37	49.61	1006.93	29.69	52.73
12 Aug 2020 03:15:38	49.51	1006.94	29.68	52.74
12 Aug 2020 03:15:38	49.55	1006.92	29.69	52.83
12 Aug 2020 03:15:38	49.54	1006.93	29.70	52.57
12 Aug 2020 03:15:38	49.68	1006.93	29.69	52.67
12 Aug 2020 03:15:38	49.48	1006.96	29.70	52.70
12 Aug 2020 03:15:38	49.61	1006.92	29.69	52.77
12 Aug 2020 03:15:39	49.56	1006.93	29.70	52.72
12 Aug 2020 03:15:39	49.65	1006.94	29.71	52.71
12 Aug 2020 03:15:39	49.65	1006.94	29.71	52.71
12 Aug 2020 03:15:39	49.65	1006.94	29.71	52.56
12 Aug 2020 03:15:39	49.82	1006.94	29.71	52.66
12 Aug 2020 03:15:40	49.65	1006.93	29.71	52.82
12 Aug 2020 03:15:40	49.60	1006.95	29.71	52.76
12 Aug 2020 03:15:40	49.70	1006.95	29.71	52.68
12 Aug 2020 03:15:40	49.80	1006.94	29.70	52.66
12 Aug 2020 03:15:40	49.71	1006.95	29.70	52.62
12 Aug 2020 03:15:40	49.76	1006.93	29.70	52.73
12 Aug 2020 03:15:41	49.70	1006.95	29.71	52.80
12 Aug 2020 03:15:41	49.79	1006.96	29.71	52.44
12 Aug 2020 03:15:41	49.73	1006.92	29.71	52.74
12 Aug 2020 03:15:41	49.63	1006.96	29.71	52.32
12 Aug 2020 03:15:41	49.71	1006.93	29.72	52.73
12 Aug 2020 03:15:41	49.74	1006.95	29.72	52.55
12 Aug 2020 03:15:42	49.78	1006.95	29.72	52.60
12 Aug 2020 03:15:42	49.71	1006.97	29.72	52.71
12 Aug 2020 03:15:42	49.72	1006.92	29.72	53.09
12 Aug 2020 03:15:42	49.77	1006.91	29.72	52.74
12 Aug 2020 03:15:42	49.68	1006.96	29.72	52.34
12 Aug 2020 03:15:43	49.66	1006.96	29.73	52.37
12 Aug 2020 03:15:43	49.74	1006.98	29.72	52.64
12 Aug 2020 03:15:43	49.62	1006.95	29.72	52.64
12 Aug 2020 03:15:43	49.67	1006.92	29.71	52.68
12 Aug 2020 03:15:43	49.50	1006.95	29.72	52.74
12 Aug 2020 03:15:43	49.66	1006.91	29.71	52.76
12 Aug 2020 03:15:44	49.57	1006.94	29.72	52.84
12 Aug 2020 03:15:44	49.53	1006.92	29.72	52.78
12 Aug 2020 03:15:44	49.62	1006.91	29.72	52.87
12 Aug 2020 03:15:44	49.48	1006.94	29.72	52.75
12 Aug 2020 03:15:44	49.51	1006.92	29.72	52.97
12 Aug 2020 03:15:45	49.53	1006.93	29.73	53.00
12 Aug 2020 03:15:45	49.58	1006.91	29.72	53.12
12 Aug 2020 03:15:45	49.54	1006.95	29.73	52.73
12 Aug 2020 03:15:45	49.50	1006.95	29.73	52.70
12 Aug 2020 03:15:45	49.50	1006.94	29.73	52.77
12 Aug 2020 03:15:45	49.44	1006.93	29.74	52.73
12 Aug 2020 03:15:46	49.43	1006.94	29.74	52.70
12 Aug 2020 03:15:46	49.47	1006.96	29.73	52.53
12 Aug 2020 03:15:46	49.45	1006.94	29.72	52.66
12 Aug 2020 03:15:46	49.35	1006.93	29.73	52.97
12 Aug 2020 03:15:46	49.38	1006.94	29.73	52.61
12 Aug 2020 03:15:47	49.37	1006.92	29.73	52.74
12 Aug 2020 03:15:47	49.42	1006.94	29.73	52.74
12 Aug 2020 03:15:47	49.27	1006.95	29.74	52.70
12 Aug 2020 03:15:47	49.28	1006.96	29.74	52.59
12 Aug 2020 03:15:47	49.33	1006.95	29.74	52.60
12 Aug 2020 03:15:47	49.21	1006.96	29.74	52.50
12 Aug 2020 03:15:48	49.17	1006.98	29.74	52.62
12 Aug 2020 03:15:48	49.05	1006.94	29.74	52.74
12 Aug 2020 03:15:48	49.13	1006.97	29.74	52.83
12 Aug 2020 03:15:48	48.99	1006.95	29.74	52.57
12 Aug 2020 03:15:48	48.87	1006.95	29.73	52.77
12 Aug 2020 03:15:48	49.11	1006.92	29.74	52.77
12 Aug 2020 03:15:49	48.79	1006.92	29.74	52.84
12 Aug 2020 03:15:49	49.00	1006.89	29.75	52.73
12 Aug 2020 03:15:49	48.91	1006.90	29.74	52.88
12 Aug 2020 03:15:49	48.88	1006.87	29.75	53.09
12 Aug 2020 03:15:49	48.97	1006.90	29.75	52.94
12 Aug 2020 03:15:50	48.88	1006.92	29.74	53.01
12 Aug 2020 03:15:50	48.86	1006.88	29.75	53.01
12 Aug 2020 03:15:50	48.91	1006.91	29.75	52.78
12 Aug 2020 03:15:50	48.94	1006.90	29.75	52.72
12 Aug 2020 03:15:50	48.78	1006.94	29.75	52.74
12 Aug 2020 03:15:50	48.77	1006.92	29.74	52.56
12 Aug 2020 03:15:51	48.85	1006.91	29.75	52.88
12 Aug 2020 03:15:51	48.77	1006.91	29.74	52.95
12 Aug 2020 03:15:51	48.85	1006.91	29.75	52.82
12 Aug 2020 03:15:51	49.07	1006.92	29.75	52.82
12 Aug 2020 03:15:51	48.86	1006.89	29.75	53.08
12 Aug 2020 03:15:52	48.86	1006.94	29.75	52.74
12 Aug 2020 03:15:52	48.80	1006.92	29.76	52.74
12 Aug 2020 03:15:52	48.75	1006.91	29.74	52.68
12 Aug 2020 03:15:52	48.85	1006.95	29.76	52.54
12 Aug 2020 03:15:52	48.69	1006.93	29.76	52.88
12 Aug 2020 03:15:52	48.76	1006.93	29.76	52.85
12 Aug 2020 03:15:53	48.75	1006.91	29.76	52.78
12 Aug 2020 03:15:53	48.82	1006.93	29.75	52.54
12 Aug 2020 03:15:53	48.91	1006.92	29.76	52.95
12 Aug 2020 03:15:53	48.77	1006.92	29.76	52.64
12 Aug 2020 03:15:53	48.71	1006.92	29.76	52.70
12 Aug 2020 03:15:53	48.69	1006.92	29.75	53.00
12 Aug 2020 03:15:54	48.68	1006.91	29.76	52.75
12 Aug 2020 03:15:54	48.68	1006.89	29.76	52.63
12 Aug 2020 03:15:54	48.77	1006.93	29.76	52.73
12 Aug 2020 03:15:54	48.60	1006.88	29.76	52.63
12 Aug 2020 03:15:54	48.70	1006.95	29.75	52.90
12 Aug 2020 03:15:55	48.50	1006.92	29.76	52.58
12 Aug 2020 03:15:55	48.59	1006.96	29.76	52.81
12 Aug 2020 03:15:55	48.51	1006.92	29.77	52.82
12 Aug 2020 03:15:55	48.47	1006.92	29.77	52.66
12 Aug 2020 03:15:55	48.50	1006.92	29.77	52.77
12 Aug 2020 03:15:55	48.47	1006.92	29.77	52.87
12 Aug 2020 03:15:56	48.59	1006.90	29.77	53.01
12 Aug 2020 03:15:56	48.60	1006.91	29.77	52.95
12 Aug 2020 03:15:56	48.49	1006.92	29.77	53.16
12 Aug 2020 03:15:56	48.45	1006.92	29.76	52.70
12 Aug 2020 03:15:56	48.34	1006.94	29.77	52.81
12 Aug 2020 03:15:57	48.43	1006.91	29.77	53.11
12 Aug 2020 03:15:57	48.48	1006.94	29.77	52.79
12 Aug 2020 03:15:57	48.54	1006.90	29.77	52.65
12 Aug 2020 03:15:57	48.31	1006.93	29.76	52.87
12 Aug 2020 03:15:57	48.45	1006.95	29.77	52.90
12 Aug 2020 03:15:57	48.37	1006.95	29.77	52.73
