12 Aug 2020 17:45:54	40.30	1012.68	24.86	4.29
12 Aug 2020 17:46:04	40.24	1012.69	24.87	4.52
12 Aug 2020 17:46:14	40.12	1012.69	24.86	4.79
12 Aug 2020 17:46:24	40.06	1012.72	24.88	4.48
12 Aug 2020 17:46:34	40.10	1012.66	24.87	4.83
12 Aug 2020 17:46:45	40.41	1012.66	24.88	4.90
12 Aug 2020 17:46:55	40.32	1012.65	24.90	4.96
12 Aug 2020 17:47:05	40.65	1012.67	24.91	4.71
12 Aug 2020 17:47:15	40.38	1012.66	24.91	4.80
12 Aug 2020 17:47:25	40.61	1012.68	24.92	4.60
12 Aug 2020 17:47:35	40.61	1012.68	24.97	4.48
12 Aug 2020 17:47:46	40.56	1012.71	25.00	4.37
12 Aug 2020 17:47:56	40.45	1012.71	25.00	4.32
12 Aug 2020 17:48:06	40.29	1012.72	25.02	4.35
12 Aug 2020 17:48:16	40.57	1012.66	25.01	4.81
12 Aug 2020 17:48:26	40.49	1012.71	25.02	4.35
12 Aug 2020 17:48:37	40.42	1012.71	25.03	4.57
12 Aug 2020 17:48:47	40.32	1012.68	25.03	4.50
12 Aug 2020 17:48:57	40.27	1012.67	25.03	4.65
12 Aug 2020 17:49:07	40.13	1012.65	25.04	4.95
12 Aug 2020 17:49:17	40.35	1012.64	25.03	4.72
12 Aug 2020 17:49:28	40.01	1012.66	25.02	4.98
12 Aug 2020 17:49:38	40.34	1012.66	25.04	4.74
12 Aug 2020 17:49:48	40.25	1012.66	25.04	4.99
12 Aug 2020 17:49:58	40.33	1012.67	25.07	4.73
12 Aug 2020 17:50:08	40.37	1012.66	25.09	4.83
12 Aug 2020 17:50:18	40.41	1012.63	25.09	5.03
12 Aug 2020 17:50:29	40.37	1012.67	25.10	5.08
12 Aug 2020 17:50:39	40.29	1012.70	25.11	4.58
12 Aug 2020 17:50:49	40.05	1012.68	25.11	4.83
12 Aug 2020 17:50:59	40.19	1012.62	25.10	5.34
12 Aug 2020 17:51:09	40.24	1012.64	25.10	5.25
12 Aug 2020 17:51:20	40.19	1012.65	25.12	5.16
12 Aug 2020 17:51:30	40.14	1012.66	25.11	4.97
12 Aug 2020 17:51:40	39.85	1012.68	25.10	4.70
12 Aug 2020 17:51:50	39.85	1012.69	25.12	4.68
12 Aug 2020 17:52:00	39.82	1012.68	25.11	4.76
12 Aug 2020 17:52:11	40.01	1012.73	25.11	4.39
12 Aug 2020 17:52:21	40.02	1012.72	25.11	4.25
12 Aug 2020 17:52:31	39.84	1012.73	25.11	4.21
12 Aug 2020 17:52:41	40.16	1012.72	25.11	4.14
12 Aug 2020 17:52:51	39.89	1012.72	25.11	4.39
12 Aug 2020 17:53:01	40.20	1012.70	25.11	4.73
12 Aug 2020 17:53:12	40.03	1012.67	25.13	4.90
12 Aug 2020 17:53:22	39.89	1012.67	25.13	4.88
12 Aug 2020 17:53:32	40.21	1012.68	25.13	4.95
12 Aug 2020 17:53:42	39.98	1012.67	25.13	4.80
12 Aug 2020 17:53:52	39.74	1012.68	25.13	4.85
12 Aug 2020 17:54:03	39.82	1012.64	25.14	4.99
12 Aug 2020 17:54:13	40.08	1012.61	25.13	5.13
12 Aug 2020 17:54:23	39.92	1012.63	25.12	5.10
12 Aug 2020 17:54:33	39.96	1012.62	25.13	5.26
12 Aug 2020 17:54:43	39.80	1012.65	25.14	4.90
12 Aug 2020 17:54:54	39.56	1012.63	25.14	5.24
12 Aug 2020 17:55:04	39.83	1012.65	25.15	5.43
12 Aug 2020 17:55:14	40.12	1012.61	25.14	5.31
12 Aug 2020 17:55:24	39.68	1012.66	25.13	5.06
12 Aug 2020 17:55:34	39.80	1012.67	25.14	4.78
12 Aug 2020 17:55:44	39.96	1012.67	25.13	4.92
12 Aug 2020 17:55:55	39.83	1012.66	25.15	4.79
12 Aug 2020 17:56:05	39.76	1012.67	25.14	4.67
12 Aug 2020 17:56:15	40.08	1012.67	25.14	4.68
12 Aug 2020 17:56:25	39.96	1012.69	25.13	4.86
12 Aug 2020 17:56:35	40.07	1012.68	25.17	4.47
12 Aug 2020 17:56:46	39.92	1012.70	25.18	4.15
12 Aug 2020 17:56:56	40.15	1012.70	25.20	4.50
12 Aug 2020 17:57:06	40.22	1012.70	25.23	4.63
12 Aug 2020 17:57:16	40.01	1012.71	25.25	4.61
12 Aug 2020 17:57:26	39.76	1012.69	25.26	4.59
12 Aug 2020 17:57:37	39.82	1012.67	25.27	4.66
12 Aug 2020 17:57:47	39.63	1012.66	25.27	4.92
12 Aug 2020 17:57:57	39.68	1012.68	25.25	4.78
12 Aug 2020 17:58:07	39.83	1012.68	25.29	4.78
12 Aug 2020 17:58:17	40.20	1012.67	25.31	4.46
12 Aug 2020 17:58:27	40.06	1012.64	25.34	5.14
12 Aug 2020 17:58:38	39.89	1012.64	25.36	4.97
12 Aug 2020 17:58:48	39.77	1012.67	25.35	4.92
12 Aug 2020 17:58:58	39.91	1012.70	25.38	4.84
12 Aug 2020 17:59:08	39.91	1012.66	25.36	4.96
12 Aug 2020 17:59:18	39.72	1012.63	25.34	5.20
12 Aug 2020 17:59:29	39.77	1012.62	25.34	4.83
12 Aug 2020 17:59:39	39.76	1012.63	25.34	5.28
12 Aug 2020 17:59:49	39.71	1012.62	25.34	5.24
12 Aug 2020 17:59:59	40.01	1012.60	25.33	5.17
12 Aug 2020 18:00:09	40.04	1012.57	25.33	5.10
12 Aug 2020 18:00:20	39.71	1012.60	25.35	5.42
12 Aug 2020 18:00:30	39.91	1012.60	25.35	5.40
12 Aug 2020 18:00:40	39.85	1012.58	25.37	5.48
12 Aug 2020 18:00:50	39.62	1012.60	25.39	5.56
12 Aug 2020 18:01:00	39.62	1012.59	25.40	5.43
12 Aug 2020 18:01:10	39.82	1012.55	25.41	5.62
12 Aug 2020 18:01:21	39.94	1012.62	25.41	5.45
12 Aug 2020 18:01:31	39.66	1012.57	25.42	5.62
12 Aug 2020 18:01:41	39.54	1012.61	25.43	5.20
12 Aug 2020 18:01:51	40.10	1012.56	25.43	5.75
12 Aug 2020 18:02:01	39.71	1012.52	25.44	5.73
12 Aug 2020 18:02:12	39.62	1012.59	25.45	5.71
12 Aug 2020 18:02:22	39.62	1012.64	25.44	5.37
12 Aug 2020 18:02:32	39.68	1012.62	25.43	5.46
12 Aug 2020 18:02:42	39.68	1012.61	25.44	5.56
12 Aug 2020 18:02:52	39.72	1012.56	25.44	5.85
12 Aug 2020 18:03:03	39.97	1012.56	25.45	5.61
12 Aug 2020 18:03:13	39.68	1012.62	25.45	5.21
12 Aug 2020 18:03:23	39.75	1012.60	25.46	5.44
12 Aug 2020 18:03:33	39.83	1012.61	25.45	5.34
12 Aug 2020 18:03:43	40.01	1012.58	25.44	4.94
12 Aug 2020 18:03:53	40.13	1012.61	25.45	5.23
12 Aug 2020 18:04:04	39.75	1012.61	25.48	5.31
12 Aug 2020 18:04:14	39.61	1012.56	25.47	5.55
12 Aug 2020 18:04:24	39.90	1012.59	25.47	5.24
12 Aug 2020 18:04:34	39.63	1012.60	25.47	5.58
12 Aug 2020 18:04:44	39.87	1012.60	25.47	5.34
12 Aug 2020 18:04:55	39.55	1012.61	25.47	5.09
12 Aug 2020 18:05:05	39.59	1012.61	25.48	5.39
12 Aug 2020 18:05:15	39.75	1012.63	25.48	5.20
12 Aug 2020 18:05:25	39.85	1012.58	25.48	5.03
12 Aug 2020 18:05:35	39.62	1012.61	25.45	5.28
12 Aug 2020 18:05:46	39.54	1012.58	25.46	5.71
12 Aug 2020 18:05:56	39.69	1012.60	25.47	5.54
12 Aug 2020 18:06:06	39.73	1012.60	25.45	5.52
12 Aug 2020 18:06:16	39.54	1012.61	25.47	5.42
12 Aug 2020 18:06:26	39.40	1012.58	25.46	5.61
12 Aug 2020 18:06:37	39.66	1012.56	25.45	5.75
12 Aug 2020 18:06:47	39.51	1012.54	25.44	5.65
12 Aug 2020 18:06:57	39.65	1012.56	25.48	5.69
12 Aug 2020 18:07:07	39.57	1012.55	25.46	5.82
12 Aug 2020 18:07:17	39.69	1012.55	25.49	5.70
12 Aug 2020 18:07:27	39.16	1012.55	25.51	5.42
12 Aug 2020 18:07:38	39.23	1012.55	25.51	5.47
12 Aug 2020 18:07:48	39.11	1012.56	25.51	5.50
12 Aug 2020 18:07:58	39.34	1012.57	25.51	5.63
12 Aug 2020 18:08:08	39.17	1012.57	25.50	5.71
12 Aug 2020 18:08:18	39.09	1012.56	25.48	5.71
12 Aug 2020 18:08:29	39.07	1012.58	25.49	5.36
12 Aug 2020 18:08:39	39.07	1012.56	25.48	5.53
12 Aug 2020 18:08:49	39.16	1012.55	25.46	5.61
12 Aug 2020 18:08:59	39.39	1012.54	25.48	5.67
12 Aug 2020 18:09:09	39.03	1012.57	25.46	5.84
12 Aug 2020 18:09:20	39.24	1012.53	25.46	5.99
12 Aug 2020 18:09:30	39.06	1012.52	25.45	6.10
12 Aug 2020 18:09:40	39.07	1012.50	25.43	5.73
12 Aug 2020 18:09:50	39.09	1012.50	25.44	6.02
12 Aug 2020 18:10:00	39.09	1012.50	25.44	6.28
12 Aug 2020 18:10:10	38.83	1012.56	25.44	5.94
12 Aug 2020 18:10:21	39.07	1012.53	25.48	6.03
12 Aug 2020 18:10:31	38.96	1012.56	25.51	5.84
12 Aug 2020 18:10:41	38.83	1012.54	25.51	6.00
12 Aug 2020 18:10:51	39.02	1012.53	25.53	6.07
12 Aug 2020 18:11:01	38.89	1012.53	25.52	5.73
12 Aug 2020 18:11:12	38.93	1012.57	25.50	5.84
12 Aug 2020 18:11:22	38.75	1012.53	25.50	6.10
12 Aug 2020 18:11:32	38.69	1012.57	25.51	5.84
12 Aug 2020 18:11:42	38.63	1012.55	25.53	5.79
12 Aug 2020 18:11:52	38.56	1012.54	25.50	6.05
12 Aug 2020 18:12:03	38.42	1012.53	25.49	5.80
12 Aug 2020 18:12:13	38.44	1012.53	25.48	6.11
12 Aug 2020 18:12:23	38.58	1012.55	25.49	6.08
12 Aug 2020 18:12:33	38.53	1012.54	25.47	6.15
12 Aug 2020 18:12:43	38.31	1012.55	25.48	5.75
12 Aug 2020 18:12:53	38.49	1012.52	25.48	5.88
12 Aug 2020 18:13:04	38.50	1012.52	25.49	5.80
12 Aug 2020 18:13:14	38.50	1012.56	25.48	5.91
12 Aug 2020 18:13:24	38.27	1012.53	25.49	5.80
12 Aug 2020 18:13:34	38.60	1012.54	25.50	5.93
12 Aug 2020 18:13:44	38.18	1012.52	25.52	6.10
12 Aug 2020 18:13:55	38.09	1012.57	25.52	5.66
12 Aug 2020 18:14:05	38.28	1012.57	25.53	5.63
12 Aug 2020 18:14:15	37.98	1012.56	25.53	5.69
12 Aug 2020 18:14:25	38.42	1012.59	25.53	5.39
12 Aug 2020 18:14:35	38.16	1012.58	25.52	5.60
12 Aug 2020 18:14:46	38.40	1012.54	25.52	6.08
12 Aug 2020 18:14:56	38.26	1012.52	25.51	6.17
12 Aug 2020 18:15:06	38.09	1012.55	25.52	6.03
12 Aug 2020 18:15:16	38.26	1012.50	25.51	6.32
12 Aug 2020 18:15:26	38.06	1012.53	25.52	5.72
12 Aug 2020 18:15:36	37.80	1012.54	25.51	5.91
12 Aug 2020 18:15:47	38.02	1012.53	25.52	6.03
12 Aug 2020 18:15:57	37.91	1012.54	25.52	5.88
12 Aug 2020 18:16:07	37.93	1012.54	25.51	5.90
12 Aug 2020 18:16:17	37.71	1012.50	25.51	5.89
12 Aug 2020 18:16:27	37.84	1012.48	25.50	6.49
12 Aug 2020 18:16:38	37.60	1012.47	25.50	6.59
12 Aug 2020 18:16:48	38.00	1012.46	25.52	6.43
12 Aug 2020 18:16:58	37.53	1012.49	25.51	6.18
12 Aug 2020 18:17:08	37.70	1012.51	25.51	6.53
12 Aug 2020 18:17:18	37.81	1012.49	25.51	6.15
12 Aug 2020 18:17:29	37.72	1012.50	25.50	6.04
12 Aug 2020 18:17:39	37.64	1012.49	25.49	6.11
12 Aug 2020 18:17:49	37.40	1012.48	25.50	6.32
12 Aug 2020 18:17:59	37.62	1012.47	25.51	6.55
12 Aug 2020 18:18:09	37.74	1012.50	25.51	6.31
12 Aug 2020 18:18:20	37.50	1012.52	25.50	6.24
12 Aug 2020 18:18:30	37.44	1012.49	25.50	6.05
12 Aug 2020 18:18:40	37.62	1012.52	25.50	6.29
12 Aug 2020 18:18:50	37.68	1012.48	25.49	6.43
12 Aug 2020 18:19:00	37.36	1012.47	25.50	6.28
12 Aug 2020 18:19:10	37.35	1012.46	25.50	6.38
12 Aug 2020 18:19:21	37.19	1012.51	25.49	6.46
12 Aug 2020 18:19:31	37.02	1012.50	25.49	6.26
12 Aug 2020 18:19:41	37.55	1012.49	25.46	6.40
12 Aug 2020 18:19:51	37.67	1012.50	25.47	6.05
12 Aug 2020 18:20:01	37.53	1012.47	25.48	6.31
12 Aug 2020 18:20:12	37.34	1012.47	25.49	6.62
12 Aug 2020 18:20:22	37.49	1012.44	25.50	6.48
12 Aug 2020 18:20:32	37.20	1012.47	25.50	6.41
12 Aug 2020 18:20:42	37.20	1012.48	25.51	6.08
12 Aug 2020 18:20:52	37.19	1012.50	25.52	6.15
12 Aug 2020 18:21:03	37.06	1012.49	25.48	5.95
12 Aug 2020 18:21:13	37.12	1012.49	25.47	6.23
12 Aug 2020 18:21:23	37.01	1012.51	25.47	6.17
12 Aug 2020 18:21:33	37.59	1012.45	25.47	6.39
12 Aug 2020 18:21:43	37.26	1012.47	25.49	6.08
12 Aug 2020 18:21:53	37.11	1012.51	25.48	6.14
12 Aug 2020 18:22:04	37.02	1012.51	25.49	5.73
12 Aug 2020 18:22:14	37.27	1012.51	25.50	5.97
12 Aug 2020 18:22:24	37.37	1012.49	25.46	6.34
12 Aug 2020 18:22:34	37.06	1012.51	25.45	6.46
12 Aug 2020 18:22:44	36.96	1012.50	25.44	5.86
12 Aug 2020 18:22:55	37.31	1012.50	25.46	5.99
12 Aug 2020 18:23:05	37.24	1012.50	25.47	6.36
12 Aug 2020 18:23:15	37.28	1012.49	25.46	6.33
12 Aug 2020 18:23:25	37.33	1012.50	25.45	6.07
12 Aug 2020 18:23:35	36.89	1012.52	25.44	5.92
12 Aug 2020 18:23:46	37.25	1012.53	25.46	5.97
12 Aug 2020 18:23:56	37.19	1012.53	25.46	5.94
12 Aug 2020 18:24:06	37.14	1012.52	25.47	6.14
12 Aug 2020 18:24:16	37.17	1012.50	25.49	6.09
12 Aug 2020 18:24:26	37.12	1012.48	25.49	6.14
12 Aug 2020 18:24:36	37.02	1012.46	25.49	6.36
12 Aug 2020 18:24:47	37.06	1012.53	25.50	6.28
12 Aug 2020 18:24:57	36.92	1012.52	25.51	6.25
12 Aug 2020 18:25:07	36.77	1012.54	25.52	5.57
12 Aug 2020 18:25:17	36.58	1012.55	25.54	5.86
12 Aug 2020 18:25:27	36.76	1012.54	25.53	6.13
12 Aug 2020 18:25:38	36.44	1012.54	25.54	5.82
12 Aug 2020 18:25:48	36.55	1012.56	25.52	5.90
12 Aug 2020 18:25:58	36.49	1012.56	25.53	5.70
12 Aug 2020 18:26:08	36.83	1012.57	25.55	5.69
12 Aug 2020 18:26:18	36.77	1012.55	25.55	5.90
12 Aug 2020 18:26:29	36.57	1012.58	25.55	5.75
12 Aug 2020 18:26:39	36.65	1012.54	25.56	5.78
12 Aug 2020 18:26:49	36.77	1012.53	25.55	5.86
12 Aug 2020 18:26:59	36.45	1012.58	25.55	5.79
12 Aug 2020 18:27:09	36.58	1012.55	25.54	5.99
12 Aug 2020 18:27:20	36.25	1012.58	25.54	5.58
12 Aug 2020 18:27:30	36.44	1012.54	25.55	5.49
12 Aug 2020 18:27:40	36.29	1012.57	25.54	5.66
12 Aug 2020 18:27:50	36.49	1012.57	25.54	5.56
12 Aug 2020 18:28:00	36.37	1012.54	25.54	5.56
12 Aug 2020 18:28:10	36.26	1012.55	25.54	5.70
12 Aug 2020 18:28:21	36.39	1012.57	25.55	5.65
12 Aug 2020 18:28:31	36.35	1012.56	25.55	5.63
12 Aug 2020 18:28:41	36.22	1012.55	25.54	5.59
12 Aug 2020 18:28:51	36.28	1012.56	25.54	5.89
12 Aug 2020 18:29:01	36.31	1012.57	25.54	5.62
12 Aug 2020 18:29:12	36.15	1012.51	25.54	5.93
12 Aug 2020 18:29:22	35.93	1012.51	25.55	5.72
12 Aug 2020 18:29:32	36.35	1012.51	25.57	6.22
12 Aug 2020 18:29:42	36.38	1012.49	25.58	6.57
12 Aug 2020 18:29:52	36.49	1012.49	25.59	6.28
12 Aug 2020 18:30:03	36.35	1012.50	25.59	6.24
12 Aug 2020 18:30:13	36.35	1012.49	25.59	6.47
12 Aug 2020 18:30:23	36.45	1012.53	25.59	6.29
12 Aug 2020 18:30:33	36.08	1012.47	25.57	6.39
12 Aug 2020 18:30:43	36.35	1012.43	25.57	6.50
12 Aug 2020 18:30:53	36.07	1012.49	25.56	6.50
12 Aug 2020 18:31:04	36.26	1012.48	25.55	6.46
12 Aug 2020 18:31:14	35.85	1012.44	25.55	6.64
12 Aug 2020 18:31:24	35.81	1012.45	25.56	6.40
12 Aug 2020 18:31:34	36.38	1012.44	25.54	6.35
12 Aug 2020 18:31:44	36.11	1012.48	25.54	6.30
12 Aug 2020 18:31:55	36.15	1012.44	25.56	6.50
12 Aug 2020 18:32:05	36.04	1012.49	25.57	6.25
12 Aug 2020 18:32:15	36.25	1012.51	25.57	6.23
12 Aug 2020 18:32:25	36.45	1012.42	25.57	6.70
12 Aug 2020 18:32:35	36.10	1012.45	25.57	6.40
12 Aug 2020 18:32:46	35.94	1012.47	25.58	6.67
12 Aug 2020 18:32:56	36.07	1012.44	25.57	6.73
12 Aug 2020 18:33:06	36.13	1012.50	25.57	6.24
12 Aug 2020 18:33:16	36.03	1012.47	25.58	6.33
12 Aug 2020 18:33:26	36.16	1012.47	25.58	6.70
12 Aug 2020 18:33:36	35.79	1012.44	25.59	6.60
12 Aug 2020 18:33:47	36.02	1012.50	25.57	6.47
12 Aug 2020 18:33:57	35.81	1012.48	25.57	6.10
12 Aug 2020 18:34:07	35.84	1012.51	25.57	6.49
12 Aug 2020 18:34:17	35.81	1012.48	25.55	6.57
12 Aug 2020 18:34:27	35.82	1012.46	25.56	6.49
12 Aug 2020 18:34:38	35.66	1012.48	25.57	6.40
12 Aug 2020 18:34:48	35.91	1012.48	25.57	6.46
12 Aug 2020 18:34:58	35.83	1012.49	25.57	6.54
12 Aug 2020 18:35:08	35.67	1012.49	25.56	6.61
12 Aug 2020 18:35:18	35.81	1012.49	25.55	6.58
12 Aug 2020 18:35:29	35.70	1012.48	25.55	6.38
12 Aug 2020 18:35:39	35.85	1012.51	25.55	6.33
12 Aug 2020 18:35:49	35.67	1012.46	25.55	6.33
12 Aug 2020 18:35:59	35.59	1012.49	25.55	6.54
12 Aug 2020 18:36:09	35.80	1012.46	25.58	6.53
12 Aug 2020 18:36:19	35.84	1012.48	25.57	6.42
12 Aug 2020 18:36:30	35.82	1012.46	25.59	6.46
12 Aug 2020 18:36:40	35.73	1012.46	25.58	6.52
12 Aug 2020 18:36:50	35.94	1012.43	25.57	6.64
12 Aug 2020 18:37:00	35.49	1012.47	25.57	6.39
12 Aug 2020 18:37:10	35.57	1012.47	25.55	6.63
12 Aug 2020 18:37:21	35.63	1012.47	25.56	6.55
12 Aug 2020 18:37:31	35.72	1012.44	25.56	6.61
12 Aug 2020 18:37:41	35.78	1012.46	25.57	6.58
12 Aug 2020 18:37:51	35.69	1012.48	25.57	6.41
12 Aug 2020 18:38:01	35.50	1012.49	25.58	6.53
12 Aug 2020 18:38:12	35.46	1012.47	25.57	6.56
12 Aug 2020 18:38:22	35.63	1012.45	25.57	6.80
12 Aug 2020 18:38:32	35.61	1012.47	25.57	6.53
12 Aug 2020 18:38:42	35.26	1012.44	25.58	6.67
12 Aug 2020 18:38:52	35.36	1012.48	25.58	6.42
12 Aug 2020 18:39:02	35.62	1012.47	25.56	6.56
12 Aug 2020 18:39:13	35.61	1012.43	25.56	6.87
12 Aug 2020 18:39:23	35.31	1012.45	25.55	6.63
12 Aug 2020 18:39:33	35.68	1012.44	25.55	6.75
12 Aug 2020 18:39:43	35.75	1012.42	25.56	6.82
12 Aug 2020 18:39:53	35.73	1012.42	25.55	6.69
12 Aug 2020 18:40:04	35.49	1012.41	25.56	6.65
12 Aug 2020 18:40:14	35.35	1012.43	25.56	6.80
12 Aug 2020 18:40:24	35.54	1012.44	25.57	6.43
12 Aug 2020 18:40:34	35.50	1012.42	25.57	6.90
12 Aug 2020 18:40:44	35.58	1012.43	25.58	6.90
12 Aug 2020 18:40:55	35.54	1012.41	25.58	6.98
12 Aug 2020 18:41:05	35.22	1012.44	25.58	6.81
12 Aug 2020 18:41:15	35.11	1012.39	25.60	7.05
12 Aug 2020 18:41:25	35.55	1012.43	25.58	6.99
12 Aug 2020 18:41:35	35.40	1012.41	25.58	7.40
12 Aug 2020 18:41:46	35.68	1012.42	25.59	6.97
12 Aug 2020 18:41:56	35.28	1012.41	25.58	7.01
12 Aug 2020 18:42:06	35.11	1012.40	25.57	7.01
12 Aug 2020 18:42:16	35.28	1012.38	25.57	7.05
12 Aug 2020 18:42:26	35.45	1012.42	25.58	7.11
12 Aug 2020 18:42:36	35.24	1012.36	25.57	7.16
12 Aug 2020 18:42:47	35.38	1012.36	25.58	7.21
12 Aug 2020 18:42:57	35.05	1012.38	25.57	7.25
12 Aug 2020 18:43:07	35.24	1012.42	25.57	7.33
12 Aug 2020 18:43:17	35.23	1012.41	25.58	7.14
12 Aug 2020 18:43:27	35.43	1012.37	25.57	6.94
12 Aug 2020 18:43:38	35.38	1012.38	25.55	7.40
12 Aug 2020 18:43:48	35.20	1012.37	25.55	7.42
12 Aug 2020 18:43:58	35.00	1012.38	25.55	7.12
12 Aug 2020 18:44:08	35.12	1012.40	25.55	7.37
12 Aug 2020 18:44:18	35.20	1012.37	25.55	7.37
12 Aug 2020 18:44:29	35.11	1012.35	25.55	7.33
12 Aug 2020 18:44:39	35.10	1012.38	25.55	7.02
12 Aug 2020 18:44:49	34.86	1012.39	25.55	7.27
12 Aug 2020 18:44:59	35.18	1012.40	25.55	7.01
12 Aug 2020 18:45:09	35.04	1012.39	25.55	7.18
12 Aug 2020 18:45:19	35.03	1012.41	25.55	7.09
12 Aug 2020 18:45:30	35.17	1012.42	25.56	7.06
12 Aug 2020 18:45:40	35.09	1012.36	25.55	7.09
12 Aug 2020 18:45:50	35.17	1012.30	25.56	7.81
12 Aug 2020 18:46:00	35.05	1012.40	25.56	7.46
12 Aug 2020 18:46:10	35.12	1012.38	25.56	7.28
12 Aug 2020 18:46:21	35.08	1012.36	25.56	7.32
12 Aug 2020 18:46:31	35.09	1012.36	25.56	7.11
12 Aug 2020 18:46:41	35.14	1012.35	25.56	7.43
12 Aug 2020 18:46:51	34.87	1012.41	25.56	7.39
12 Aug 2020 18:47:01	35.04	1012.39	25.56	7.21
12 Aug 2020 18:47:12	34.88	1012.37	25.56	7.19
12 Aug 2020 18:47:22	34.97	1012.31	25.58	7.96
12 Aug 2020 18:47:32	34.99	1012.37	25.58	7.52
12 Aug 2020 18:47:42	35.10	1012.33	25.58	8.09
12 Aug 2020 18:47:52	34.75	1012.32	25.59	7.63
12 Aug 2020 18:48:02	35.04	1012.31	25.57	7.76
12 Aug 2020 18:48:13	34.81	1012.35	25.57	7.46
12 Aug 2020 18:48:23	35.03	1012.35	25.56	7.50
12 Aug 2020 18:48:33	34.71	1012.35	25.57	7.62
12 Aug 2020 18:48:43	34.83	1012.35	25.57	7.39
12 Aug 2020 18:48:53	34.66	1012.36	25.55	7.32
12 Aug 2020 18:49:04	34.93	1012.37	25.56	7.46
12 Aug 2020 18:49:14	34.94	1012.36	25.57	7.60
12 Aug 2020 18:49:24	35.00	1012.33	25.57	7.59
12 Aug 2020 18:49:34	34.82	1012.36	25.57	7.25
12 Aug 2020 18:49:44	34.93	1012.30	25.56	7.63
12 Aug 2020 18:49:55	34.97	1012.30	25.56	7.98
12 Aug 2020 18:50:05	34.79	1012.33	25.58	7.69
12 Aug 2020 18:50:15	34.76	1012.34	25.56	7.66
12 Aug 2020 18:50:25	34.68	1012.36	25.58	7.60
12 Aug 2020 18:50:35	34.51	1012.33	25.58	7.65
12 Aug 2020 18:50:45	34.87	1012.30	25.59	8.10
12 Aug 2020 18:50:56	34.56	1012.29	25.58	8.03
12 Aug 2020 18:51:06	34.48	1012.33	25.58	7.46
12 Aug 2020 18:51:16	34.86	1012.31	25.59	7.70
12 Aug 2020 18:51:26	34.53	1012.30	25.58	7.52
12 Aug 2020 18:51:36	34.42	1012.29	25.57	8.00
12 Aug 2020 18:51:47	34.49	1012.26	25.58	7.96
12 Aug 2020 18:51:57	34.58	1012.31	25.58	7.93
12 Aug 2020 18:52:07	34.48	1012.27	25.58	8.03
12 Aug 2020 18:52:17	34.60	1012.32	25.57	7.84
12 Aug 2020 18:52:27	34.77	1012.32	25.58	7.72
12 Aug 2020 18:52:38	34.67	1012.32	25.57	7.53
12 Aug 2020 18:52:48	34.77	1012.30	25.57	7.70
12 Aug 2020 18:52:58	34.67	1012.31	25.56	8.10
12 Aug 2020 18:53:08	34.56	1012.28	25.56	8.01
12 Aug 2020 18:53:18	34.53	1012.30	25.56	8.06
12 Aug 2020 18:53:28	34.67	1012.26	25.56	8.07
12 Aug 2020 18:53:39	34.70	1012.24	25.56	8.18
12 Aug 2020 18:53:49	34.75	1012.25	25.57	8.10
12 Aug 2020 18:53:59	34.34	1012.29	25.57	7.94
12 Aug 2020 18:54:09	34.33	1012.27	25.58	8.07
12 Aug 2020 18:54:19	34.58	1012.28	25.58	7.83
12 Aug 2020 18:54:30	34.27	1012.29	25.58	8.18
12 Aug 2020 18:54:40	34.68	1012.29	25.57	7.90
12 Aug 2020 18:54:50	34.47	1012.31	25.57	7.90
12 Aug 2020 18:55:00	34.41	1012.26	25.58	8.32
12 Aug 2020 18:55:10	34.20	1012.28	25.57	8.11
12 Aug 2020 18:55:21	34.26	1012.33	25.58	7.83
12 Aug 2020 18:55:31	34.45	1012.35	25.57	7.38
12 Aug 2020 18:55:41	34.41	1012.35	25.57	7.65
12 Aug 2020 18:55:51	34.09	1012.32	25.58	7.91
12 Aug 2020 18:56:01	34.44	1012.35	25.58	7.84
12 Aug 2020 18:56:11	34.37	1012.31	25.58	7.99
12 Aug 2020 18:56:22	34.18	1012.32	25.58	7.70
12 Aug 2020 18:56:32	34.32	1012.33	25.58	7.87
12 Aug 2020 18:56:42	34.53	1012.33	25.58	7.60
12 Aug 2020 18:56:52	34.23	1012.30	25.58	7.83
12 Aug 2020 18:57:02	34.44	1012.27	25.59	7.98
12 Aug 2020 18:57:13	34.31	1012.29	25.58	7.91
12 Aug 2020 18:57:23	34.54	1012.32	25.59	7.65
12 Aug 2020 18:57:33	34.12	1012.26	25.59	7.93
12 Aug 2020 18:57:43	34.18	1012.27	25.57	7.89
12 Aug 2020 18:57:53	34.28	1012.27	25.56	8.37
12 Aug 2020 18:58:04	34.42	1012.27	25.57	7.98
12 Aug 2020 18:58:14	34.57	1012.32	25.56	7.89
12 Aug 2020 18:58:24	34.65	1012.33	25.57	7.62
12 Aug 2020 18:58:34	34.42	1012.33	25.57	7.76
12 Aug 2020 18:58:44	34.27	1012.30	25.58	7.66
12 Aug 2020 18:58:55	34.40	1012.33	25.59	7.77
12 Aug 2020 18:59:05	34.26	1012.31	25.57	7.77
12 Aug 2020 18:59:15	34.47	1012.32	25.57	7.76
12 Aug 2020 18:59:25	34.32	1012.29	25.57	7.84
12 Aug 2020 18:59:35	34.36	1012.24	25.57	8.22
12 Aug 2020 18:59:45	34.17	1012.33	25.57	7.66
12 Aug 2020 18:59:56	34.03	1012.29	25.57	7.96
12 Aug 2020 19:00:06	34.18	1012.33	25.57	7.43
12 Aug 2020 19:00:16	34.21	1012.32	25.57	7.74
12 Aug 2020 19:00:26	34.38	1012.31	25.56	7.96
12 Aug 2020 19:00:36	34.35	1012.30	25.58	7.93
12 Aug 2020 19:00:47	34.30	1012.25	25.58	8.28
12 Aug 2020 19:00:57	34.08	1012.27	25.58	8.06
12 Aug 2020 19:01:07	34.07	1012.30	25.59	7.93
12 Aug 2020 19:01:17	34.08	1012.32	25.59	7.78
12 Aug 2020 19:01:27	34.38	1012.29	25.60	7.96
12 Aug 2020 19:01:38	34.24	1012.25	25.60	8.23
12 Aug 2020 19:01:48	34.18	1012.28	25.60	7.94
12 Aug 2020 19:01:58	34.00	1012.29	25.61	8.00
12 Aug 2020 19:02:08	34.19	1012.27	25.61	8.23
12 Aug 2020 19:02:18	33.92	1012.28	25.61	8.12
12 Aug 2020 19:02:28	34.23	1012.26	25.60	8.00
12 Aug 2020 19:02:39	34.03	1012.29	25.61	8.16
12 Aug 2020 19:02:49	33.98	1012.24	25.61	8.47
12 Aug 2020 19:02:59	34.15	1012.26	25.61	8.31
12 Aug 2020 19:03:09	33.78	1012.28	25.61	8.26
12 Aug 2020 19:03:19	33.95	1012.27	25.60	8.13
12 Aug 2020 19:03:30	34.10	1012.28	25.60	8.14
12 Aug 2020 19:03:40	34.21	1012.29	25.60	7.93
12 Aug 2020 19:03:50	34.00	1012.28	25.60	7.90
12 Aug 2020 19:04:00	34.31	1012.27	25.61	7.95
12 Aug 2020 19:04:10	34.25	1012.28	25.61	8.16
12 Aug 2020 19:04:21	34.21	1012.26	25.61	7.79
12 Aug 2020 19:04:31	34.23	1012.29	25.62	7.98
12 Aug 2020 19:04:41	34.11	1012.26	25.63	8.32
12 Aug 2020 19:04:51	33.81	1012.23	25.61	8.58
12 Aug 2020 19:05:01	33.80	1012.23	25.62	8.08
12 Aug 2020 19:05:11	33.95	1012.24	25.62	8.19
12 Aug 2020 19:05:22	34.16	1012.26	25.61	8.17
12 Aug 2020 19:05:32	33.78	1012.28	25.62	8.02
12 Aug 2020 19:05:42	33.63	1012.23	25.62	8.60
12 Aug 2020 19:05:52	33.91	1012.28	25.61	8.00
12 Aug 2020 19:06:02	34.03	1012.24	25.61	7.99
12 Aug 2020 19:06:13	33.75	1012.30	25.62	8.24
12 Aug 2020 19:06:23	33.91	1012.25	25.61	8.05
12 Aug 2020 19:06:33	33.74	1012.30	25.61	7.95
12 Aug 2020 19:06:43	33.92	1012.33	25.60	7.76
12 Aug 2020 19:06:53	33.74	1012.34	25.60	7.80
12 Aug 2020 19:07:04	33.71	1012.28	25.61	8.06
12 Aug 2020 19:07:14	34.06	1012.32	25.62	7.48
12 Aug 2020 19:07:24	33.95	1012.29	25.60	7.79
12 Aug 2020 19:07:34	33.59	1012.33	25.61	7.72
12 Aug 2020 19:07:44	33.84	1012.32	25.61	7.72
12 Aug 2020 19:07:54	34.03	1012.30	25.61	7.79
12 Aug 2020 19:08:05	34.04	1012.31	25.61	7.97
12 Aug 2020 19:08:15	33.77	1012.29	25.61	7.87
12 Aug 2020 19:08:25	33.71	1012.34	25.60	7.79
12 Aug 2020 19:08:35	33.65	1012.31	25.61	7.80
12 Aug 2020 19:08:45	33.94	1012.28	25.61	7.89
12 Aug 2020 19:08:56	33.66	1012.28	25.63	8.13
12 Aug 2020 19:09:06	33.88	1012.30	25.62	8.07
12 Aug 2020 19:09:16	33.75	1012.29	25.60	8.04
12 Aug 2020 19:09:26	33.65	1012.32	25.61	7.74
12 Aug 2020 19:09:36	33.71	1012.32	25.62	7.74
12 Aug 2020 19:09:47	33.71	1012.29	25.62	7.81
12 Aug 2020 19:09:57	33.63	1012.27	25.63	7.92
12 Aug 2020 19:10:07	33.83	1012.30	25.61	8.02
12 Aug 2020 19:10:17	34.00	1012.28	25.62	7.96
12 Aug 2020 19:10:27	33.82	1012.29	25.62	7.89
12 Aug 2020 19:10:37	33.65	1012.28	25.63	7.81
12 Aug 2020 19:10:48	33.37	1012.27	25.63	8.10
12 Aug 2020 19:10:58	33.82	1012.26	25.62	8.03
12 Aug 2020 19:11:08	33.77	1012.29	25.62	7.98
12 Aug 2020 19:11:18	33.83	1012.31	25.63	7.62
12 Aug 2020 19:11:28	33.88	1012.30	25.63	8.08
12 Aug 2020 19:11:39	33.61	1012.24	25.62	8.19
12 Aug 2020 19:11:49	33.87	1012.28	25.62	8.02
12 Aug 2020 19:11:59	33.57	1012.31	25.61	7.99
12 Aug 2020 19:12:09	33.39	1012.31	25.61	7.86
12 Aug 2020 19:12:19	33.63	1012.34	25.61	7.64
12 Aug 2020 19:12:30	33.69	1012.32	25.62	7.99
12 Aug 2020 19:12:40	33.74	1012.30	25.62	7.86
12 Aug 2020 19:12:50	33.76	1012.33	25.63	7.51
12 Aug 2020 19:13:00	33.58	1012.32	25.64	7.54
12 Aug 2020 19:13:10	33.57	1012.32	25.63	7.54
12 Aug 2020 19:13:20	33.49	1012.35	25.63	7.70
12 Aug 2020 19:13:31	33.54	1012.28	25.64	7.84
12 Aug 2020 19:13:41	33.66	1012.28	25.64	7.83
12 Aug 2020 19:13:51	33.31	1012.33	25.63	7.54
12 Aug 2020 19:14:01	33.51	1012.32	25.63	7.61
12 Aug 2020 19:14:11	33.50	1012.30	25.62	7.76
12 Aug 2020 19:14:22	33.55	1012.31	25.63	7.86
12 Aug 2020 19:14:32	33.74	1012.30	25.64	7.79
12 Aug 2020 19:14:42	33.75	1012.28	25.63	7.74
12 Aug 2020 19:14:52	33.32	1012.31	25.63	7.77
12 Aug 2020 19:15:02	33.44	1012.30	25.62	7.68
12 Aug 2020 19:15:13	33.48	1012.32	25.61	7.45
12 Aug 2020 19:15:23	33.35	1012.32	25.63	7.44
12 Aug 2020 19:15:33	33.39	1012.35	25.63	7.50
12 Aug 2020 19:15:43	33.59	1012.31	25.64	7.67
12 Aug 2020 19:15:53	33.27	1012.35	25.64	7.32
12 Aug 2020 19:16:03	33.53	1012.36	25.62	7.29
12 Aug 2020 19:16:14	33.45	1012.33	25.63	7.44
12 Aug 2020 19:16:24	33.34	1012.34	25.64	7.43
12 Aug 2020 19:16:34	33.32	1012.35	25.63	7.44
12 Aug 2020 19:16:44	33.40	1012.33	25.63	7.33
12 Aug 2020 19:16:54	33.64	1012.33	25.63	7.64
12 Aug 2020 19:17:05	33.49	1012.31	25.63	7.72
12 Aug 2020 19:17:15	33.33	1012.34	25.62	7.71
12 Aug 2020 19:17:25	33.48	1012.31	25.62	7.91
12 Aug 2020 19:17:35	33.70	1012.28	25.62	7.91
12 Aug 2020 19:17:45	33.71	1012.28	25.61	8.13
12 Aug 2020 19:17:56	33.49	1012.27	25.61	8.05
12 Aug 2020 19:18:06	33.31	1012.27	25.62	8.02
12 Aug 2020 19:18:16	33.58	1012.31	25.63	7.77
12 Aug 2020 19:18:26	33.60	1012.31	25.63	7.90
12 Aug 2020 19:18:36	33.28	1012.25	25.65	8.11
12 Aug 2020 19:18:47	33.05	1012.29	25.63	7.73
12 Aug 2020 19:18:57	33.40	1012.29	25.62	8.30
12 Aug 2020 19:19:07	33.12	1012.27	25.63	7.82
12 Aug 2020 19:19:17	33.31	1012.25	25.63	7.98
12 Aug 2020 19:19:27	33.35	1012.28	25.64	8.11
12 Aug 2020 19:19:37	33.20	1012.28	25.62	8.13
12 Aug 2020 19:19:48	33.10	1012.29	25.64	7.84
12 Aug 2020 19:19:58	33.29	1012.28	25.64	8.07
12 Aug 2020 19:20:08	33.21	1012.29	25.64	7.92
12 Aug 2020 19:20:18	33.35	1012.25	25.64	8.14
12 Aug 2020 19:20:28	33.34	1012.24	25.63	8.25
12 Aug 2020 19:20:39	33.36	1012.21	25.63	8.33
12 Aug 2020 19:20:49	33.57	1012.22	25.62	8.42
12 Aug 2020 19:20:59	33.22	1012.25	25.63	8.05
12 Aug 2020 19:21:09	33.16	1012.24	25.63	8.27
12 Aug 2020 19:21:19	33.45	1012.25	25.63	8.57
12 Aug 2020 19:21:30	33.33	1012.24	25.63	8.45
12 Aug 2020 19:21:40	33.36	1012.24	25.63	8.49
12 Aug 2020 19:21:50	33.16	1012.21	25.64	8.73
12 Aug 2020 19:22:00	33.08	1012.25	25.65	8.63
12 Aug 2020 19:22:10	33.16	1012.17	25.65	8.60
12 Aug 2020 19:22:20	33.22	1012.22	25.65	8.59
12 Aug 2020 19:22:31	33.31	1012.16	25.65	8.79
12 Aug 2020 19:22:41	33.06	1012.22	25.67	8.67
12 Aug 2020 19:22:51	33.17	1012.21	25.67	8.53
12 Aug 2020 19:23:01	33.22	1012.25	25.66	8.11
12 Aug 2020 19:23:11	33.23	1012.24	25.66	8.35
12 Aug 2020 19:23:22	33.26	1012.23	25.65	8.27
12 Aug 2020 19:23:32	33.14	1012.26	25.65	8.03
12 Aug 2020 19:23:42	33.26	1012.28	25.66	7.81
12 Aug 2020 19:23:52	33.08	1012.25	25.65	8.38
12 Aug 2020 19:24:02	33.11	1012.27	25.66	8.08
12 Aug 2020 19:24:13	33.48	1012.26	25.65	8.17
12 Aug 2020 19:24:23	33.14	1012.24	25.66	8.43
12 Aug 2020 19:24:33	33.28	1012.23	25.67	8.59
12 Aug 2020 19:24:43	33.14	1012.28	25.66	8.53
12 Aug 2020 19:24:53	33.19	1012.21	25.66	8.71
12 Aug 2020 19:25:03	32.87	1012.21	25.65	8.45
12 Aug 2020 19:25:14	32.99	1012.24	25.66	8.53
12 Aug 2020 19:25:24	33.00	1012.23	25.66	8.52
12 Aug 2020 19:25:34	33.00	1012.27	25.65	8.55
12 Aug 2020 19:25:44	32.94	1012.21	25.65	8.55
12 Aug 2020 19:25:54	32.85	1012.19	25.63	8.56
12 Aug 2020 19:26:05	32.95	1012.25	25.64	8.60
12 Aug 2020 19:26:15	33.20	1012.20	25.65	8.45
12 Aug 2020 19:26:25	32.89	1012.21	25.65	8.80
12 Aug 2020 19:26:35	32.81	1012.19	25.66	8.53
12 Aug 2020 19:26:45	33.08	1012.22	25.66	8.82
12 Aug 2020 19:26:56	33.22	1012.20	25.66	8.75
12 Aug 2020 19:27:06	32.98	1012.19	25.65	8.92
12 Aug 2020 19:27:16	32.97	1012.21	25.66	8.59
12 Aug 2020 19:27:26	33.02	1012.22	25.66	8.37
12 Aug 2020 19:27:36	33.14	1012.24	25.66	8.56
12 Aug 2020 19:27:46	33.14	1012.23	25.66	8.73
12 Aug 2020 19:27:57	32.96	1012.23	25.67	8.42
12 Aug 2020 19:28:07	32.99	1012.21	25.66	8.44
12 Aug 2020 19:28:17	33.05	1012.23	25.66	8.39
12 Aug 2020 19:28:27	32.85	1012.26	25.67	8.48
12 Aug 2020 19:28:37	32.97	1012.26	25.66	8.52
12 Aug 2020 19:28:48	32.94	1012.22	25.67	8.25
12 Aug 2020 19:28:58	32.81	1012.27	25.66	8.45
12 Aug 2020 19:29:08	32.82	1012.23	25.67	8.38
12 Aug 2020 19:29:18	32.91	1012.22	25.67	8.68
12 Aug 2020 19:29:28	32.97	1012.24	25.67	8.58
12 Aug 2020 19:29:39	33.05	1012.24	25.68	8.13
12 Aug 2020 19:29:49	32.73	1012.20	25.67	8.28
12 Aug 2020 19:29:59	32.92	1012.21	25.66	8.48
12 Aug 2020 19:30:09	32.83	1012.25	25.66	8.44
12 Aug 2020 19:30:19	32.81	1012.21	25.66	8.20
12 Aug 2020 19:30:29	32.83	1012.22	25.66	8.49
12 Aug 2020 19:30:40	33.03	1012.27	25.66	8.13
12 Aug 2020 19:30:50	32.77	1012.25	25.67	7.84
12 Aug 2020 19:31:00	33.05	1012.29	25.67	7.78
12 Aug 2020 19:31:10	32.77	1012.31	25.67	8.17
12 Aug 2020 19:31:20	32.71	1012.31	25.66	7.80
12 Aug 2020 19:31:31	33.00	1012.28	25.66	8.07
12 Aug 2020 19:31:41	32.61	1012.30	25.67	8.15
12 Aug 2020 19:31:51	32.82	1012.29	25.66	8.00
12 Aug 2020 19:32:01	33.05	1012.28	25.67	7.78
12 Aug 2020 19:32:11	32.94	1012.27	25.67	8.18
12 Aug 2020 19:32:22	32.87	1012.25	25.66	7.93
12 Aug 2020 19:32:32	33.00	1012.27	25.66	8.24
12 Aug 2020 19:32:42	32.79	1012.27	25.66	8.14
12 Aug 2020 19:32:52	32.90	1012.28	25.66	7.90
12 Aug 2020 19:33:02	32.60	1012.29	25.65	8.08
12 Aug 2020 19:33:12	32.88	1012.28	25.65	8.19
12 Aug 2020 19:33:23	32.78	1012.27	25.64	8.08
12 Aug 2020 19:33:33	32.79	1012.28	25.65	8.02
12 Aug 2020 19:33:43	32.29	1012.28	25.65	7.90
12 Aug 2020 19:33:53	32.72	1012.24	25.65	8.29
12 Aug 2020 19:34:03	32.62	1012.23	25.66	8.39
12 Aug 2020 19:34:14	32.57	1012.25	25.68	8.47
12 Aug 2020 19:34:24	32.76	1012.27	25.68	8.10
12 Aug 2020 19:34:34	32.84	1012.24	25.70	8.16
12 Aug 2020 19:34:44	32.83	1012.21	25.70	8.55
12 Aug 2020 19:34:54	32.61	1012.21	25.71	8.62
12 Aug 2020 19:35:05	32.77	1012.25	25.70	8.27
12 Aug 2020 19:35:15	32.64	1012.25	25.71	8.11
12 Aug 2020 19:35:25	32.47	1012.22	25.72	8.71
12 Aug 2020 19:35:35	32.94	1012.25	25.72	8.15
12 Aug 2020 19:35:45	32.86	1012.28	25.73	8.25
12 Aug 2020 19:35:56	32.75	1012.27	25.74	8.22
12 Aug 2020 19:36:06	33.01	1012.23	25.74	8.42
12 Aug 2020 19:36:16	33.00	1012.28	25.74	7.77
12 Aug 2020 19:36:26	33.21	1012.29	25.73	8.22
12 Aug 2020 19:36:36	33.17	1012.21	25.75	8.60
12 Aug 2020 19:36:46	33.31	1012.23	25.76	8.52
12 Aug 2020 19:36:57	33.07	1012.24	25.75	8.27
12 Aug 2020 19:37:07	33.08	1012.24	25.75	8.72
12 Aug 2020 19:37:17	32.90	1012.24	25.76	8.46
12 Aug 2020 19:37:27	33.13	1012.28	25.77	7.98
12 Aug 2020 19:37:37	33.04	1012.23	25.76	8.24
12 Aug 2020 19:37:48	33.18	1012.23	25.77	8.23
12 Aug 2020 19:37:58	33.24	1012.20	25.78	8.45
12 Aug 2020 19:38:08	33.46	1012.22	25.78	8.58
12 Aug 2020 19:38:18	33.47	1012.24	25.78	8.62
12 Aug 2020 19:38:28	33.45	1012.24	25.78	8.27
12 Aug 2020 19:38:39	33.20	1012.24	25.78	8.34
12 Aug 2020 19:38:49	33.29	1012.24	25.78	8.49
12 Aug 2020 19:38:59	33.48	1012.20	25.78	8.57
12 Aug 2020 19:39:09	33.77	1012.26	25.79	8.21
12 Aug 2020 19:39:19	33.54	1012.26	25.79	8.31
12 Aug 2020 19:39:29	33.51	1012.22	25.75	8.45
12 Aug 2020 19:39:40	33.96	1012.25	25.77	8.62
12 Aug 2020 19:39:50	34.11	1012.25	25.75	8.12
12 Aug 2020 19:40:00	34.11	1012.21	25.76	8.56
12 Aug 2020 19:40:10	34.35	1012.23	25.77	8.48
12 Aug 2020 19:40:20	34.35	1012.23	25.78	8.31
12 Aug 2020 19:40:31	34.38	1012.24	25.80	8.38
12 Aug 2020 19:40:41	34.23	1012.23	25.82	8.26
12 Aug 2020 19:40:51	34.19	1012.25	25.82	8.63
12 Aug 2020 19:41:01	34.27	1012.24	25.83	8.13
12 Aug 2020 19:41:11	34.09	1012.21	25.83	8.59
12 Aug 2020 19:41:22	34.13	1012.23	25.83	8.42
12 Aug 2020 19:41:32	34.14	1012.20	25.83	8.64
12 Aug 2020 19:41:42	34.33	1012.22	25.83	8.81
12 Aug 2020 19:41:52	34.16	1012.21	25.84	8.77
12 Aug 2020 19:42:02	34.30	1012.19	25.83	8.74
12 Aug 2020 19:42:12	34.01	1012.20	25.83	8.64
12 Aug 2020 19:42:23	34.00	1012.19	25.83	8.69
12 Aug 2020 19:42:33	34.57	1012.22	25.84	8.76
12 Aug 2020 19:42:43	34.84	1012.20	25.85	8.90
12 Aug 2020 19:42:53	34.56	1012.23	25.86	8.65
12 Aug 2020 19:43:03	34.49	1012.20	25.87	8.45
12 Aug 2020 19:43:14	34.56	1012.17	25.86	8.87
12 Aug 2020 19:43:24	34.30	1012.23	25.86	8.53
12 Aug 2020 19:43:34	34.24	1012.21	25.86	8.59
12 Aug 2020 19:43:44	34.12	1012.20	25.87	8.58
12 Aug 2020 19:43:54	34.36	1012.22	25.87	8.82
12 Aug 2020 19:44:05	34.02	1012.21	25.88	8.85
12 Aug 2020 19:44:15	34.09	1012.25	25.87	8.45
12 Aug 2020 19:44:25	34.35	1012.22	25.87	8.57
12 Aug 2020 19:44:35	34.35	1012.24	25.87	8.80
12 Aug 2020 19:44:45	34.21	1012.19	25.88	8.93
12 Aug 2020 19:44:55	34.41	1012.21	25.88	8.85
12 Aug 2020 19:45:06	34.47	1012.22	25.88	8.92
12 Aug 2020 19:45:16	34.15	1012.23	25.87	8.40
12 Aug 2020 19:45:26	34.38	1012.24	25.89	8.01
12 Aug 2020 19:45:36	34.38	1012.22	25.89	8.30
12 Aug 2020 19:45:46	34.42	1012.23	25.89	8.50
12 Aug 2020 19:45:57	34.46	1012.23	25.90	8.41
12 Aug 2020 19:46:07	34.41	1012.25	25.89	8.39
12 Aug 2020 19:46:17	34.37	1012.23	25.88	8.13
12 Aug 2020 19:46:27	34.38	1012.25	25.88	8.59
12 Aug 2020 19:46:37	34.39	1012.25	25.88	8.28
12 Aug 2020 19:46:48	34.49	1012.28	25.88	8.09
12 Aug 2020 19:46:58	34.68	1012.26	25.88	8.23
12 Aug 2020 19:47:08	35.07	1012.26	25.87	8.24
12 Aug 2020 19:47:18	34.77	1012.28	25.89	8.41
12 Aug 2020 19:47:28	34.77	1012.26	25.89	8.20
12 Aug 2020 19:47:38	34.54	1012.25	25.90	8.64
12 Aug 2020 19:47:49	34.71	1012.24	25.90	8.16
12 Aug 2020 19:47:59	34.71	1012.31	25.90	7.86
12 Aug 2020 19:48:09	34.85	1012.27	25.90	8.12
12 Aug 2020 19:48:19	34.64	1012.29	25.90	7.69
12 Aug 2020 19:48:29	34.38	1012.29	25.90	8.15
12 Aug 2020 19:48:40	34.60	1012.26	25.93	8.45
12 Aug 2020 19:48:50	34.54	1012.27	25.93	7.89
12 Aug 2020 19:49:00	34.64	1012.26	25.93	8.07
12 Aug 2020 19:49:10	34.49	1012.25	25.94	8.46
12 Aug 2020 19:49:20	34.56	1012.32	25.94	7.71
12 Aug 2020 19:49:31	34.78	1012.32	25.91	7.84
12 Aug 2020 19:49:41	34.79	1012.34	25.93	7.47
12 Aug 2020 19:49:51	34.74	1012.33	25.93	7.63
12 Aug 2020 19:50:01	34.60	1012.31	25.92	8.08
12 Aug 2020 19:50:11	34.65	1012.32	25.93	7.80
12 Aug 2020 19:50:22	34.54	1012.31	25.93	8.09
12 Aug 2020 19:50:32	34.64	1012.32	25.94	8.11
12 Aug 2020 19:50:42	34.41	1012.30	25.94	7.50
12 Aug 2020 19:50:52	34.23	1012.29	25.93	8.05
12 Aug 2020 19:51:02	34.25	1012.33	25.92	7.61
12 Aug 2020 19:51:12	34.61	1012.32	25.92	7.91
12 Aug 2020 19:51:23	34.42	1012.27	25.93	8.27
12 Aug 2020 19:51:33	34.45	1012.29	25.92	7.89
12 Aug 2020 19:51:43	34.31	1012.25	25.90	8.50
12 Aug 2020 19:51:53	34.39	1012.24	25.93	8.54
12 Aug 2020 19:52:03	34.10	1012.27	25.90	8.43
12 Aug 2020 19:52:14	34.17	1012.25	25.91	8.63
12 Aug 2020 19:52:24	34.02	1012.21	25.90	8.66
12 Aug 2020 19:52:34	34.23	1012.23	25.91	8.60
12 Aug 2020 19:52:44	34.01	1012.23	25.91	8.74
12 Aug 2020 19:52:54	33.97	1012.23	25.91	8.64
12 Aug 2020 19:53:05	33.90	1012.21	25.91	8.93
12 Aug 2020 19:53:15	33.72	1012.20	25.91	8.70
12 Aug 2020 19:53:25	33.92	1012.19	25.92	9.09
12 Aug 2020 19:53:35	33.86	1012.22	25.91	8.39
12 Aug 2020 19:53:45	33.85	1012.22	25.90	8.64
12 Aug 2020 19:53:55	33.92	1012.24	25.89	8.21
12 Aug 2020 19:54:06	33.71	1012.22	25.89	8.72
12 Aug 2020 19:54:16	33.62	1012.22	25.89	8.79
12 Aug 2020 19:54:26	33.74	1012.23	25.89	8.68
12 Aug 2020 19:54:36	33.86	1012.24	25.90	8.47
12 Aug 2020 19:54:46	33.99	1012.18	25.90	8.85
12 Aug 2020 19:54:57	33.74	1012.19	25.90	8.87
12 Aug 2020 19:55:07	33.69	1012.21	25.90	8.74
12 Aug 2020 19:55:17	33.40	1012.18	25.90	9.08
12 Aug 2020 19:55:27	33.61	1012.16	25.90	9.18
12 Aug 2020 19:55:37	33.60	1012.18	25.91	9.15
12 Aug 2020 19:55:48	33.61	1012.19	25.91	9.32
12 Aug 2020 19:55:58	33.54	1012.15	25.90	9.19
12 Aug 2020 19:56:08	33.39	1012.20	25.90	9.12
12 Aug 2020 19:56:18	33.36	1012.15	25.91	9.14
12 Aug 2020 19:56:28	33.66	1012.18	25.91	9.15
12 Aug 2020 19:56:38	33.32	1012.16	25.91	9.12
12 Aug 2020 19:56:49	33.46	1012.22	25.93	8.84
12 Aug 2020 19:56:59	33.39	1012.18	25.91	8.90
12 Aug 2020 19:57:09	33.19	1012.18	25.92	8.84
12 Aug 2020 19:57:19	33.20	1012.16	25.92	9.08
12 Aug 2020 19:57:29	33.36	1012.19	25.92	9.31
12 Aug 2020 19:57:40	33.43	1012.19	25.92	9.03
12 Aug 2020 19:57:50	33.25	1012.20	25.93	9.07
12 Aug 2020 19:58:00	33.40	1012.15	25.93	8.90
12 Aug 2020 19:58:10	33.08	1012.15	25.92	9.12
12 Aug 2020 19:58:20	33.12	1012.15	25.91	9.36
12 Aug 2020 19:58:31	33.07	1012.18	25.93	9.01
12 Aug 2020 19:58:41	33.43	1012.16	25.93	8.77
12 Aug 2020 19:58:51	33.37	1012.22	25.91	8.67
12 Aug 2020 19:59:01	33.07	1012.21	25.93	8.56
12 Aug 2020 19:59:11	33.38	1012.18	25.92	8.94
12 Aug 2020 19:59:21	33.44	1012.20	25.93	9.04
12 Aug 2020 19:59:32	33.20	1012.19	25.93	9.05
12 Aug 2020 19:59:42	33.22	1012.19	25.94	8.81
12 Aug 2020 19:59:52	32.94	1012.16	25.94	9.20
